











1
2
2
3
26
27
28
33
46
46
50
52
56
59
60
61
62
63
64
69
69
70
72
74
76
76
76
76
78
80
80
81
82
85
87
88
89
90
91
96
99
99
102
105
112
113
114
115
115
116
117
121
123
127
128
128
129
129
130
134
138
140
141
143
145
149
150
152
153
154
156
158
167
170
170
172
173
174
177
178
185
188
189
189
190
191
192
208
210
212
214
216
221
225
225
232
239
245
250
250
255
260
261
264
264
266
267
267
269
269
270
271
273
277
277
278
279
284
285
289
291
293
297
299
307
308
311
311
311
313
314
318
319
320
322
323
324
324
325
327
327
328
330
334
335
339
340
342
343
347
352
353
355
357
359
365
365
369
369
371
371
371
371
374
376
378
379
380
380
382
382
382
383
384
385
389
395
397
398
400
401
404
404
406
407
409
409
409
410
411
411
417
419
420
422
422
423
424
428
430
434
439
440
440
444
444
444
446
447
448
450
451
451
452
453
453
454
456
462
462
463
472
473
480
488
488
494
497
499
501
505
506
508
508
509
515
515
516
518
519
520
521
523
528
530
533
534
534
535
536
537
537
540
541
541
542
542
547
552
555
555
557
558
562
563
563
564
567
567
570
574
575
575
575
577
580
581
585
590
592
593
594
594
597
597
598
598
601
601
603
606
606
606
608
614
617
618
623
625
626
626
626
627
631
632
632
633
633
643
644
654
654
655
661
662
664
665
666
669
671
672
673
676
678
678
682
682
685
686
687
689
690
692
692
693
694
695
695
696
696
697
699
702
705
708
710
710
710
710
711
714
714
715
716
718
720
721
723
724
724
725
730
734
735
738
740
740
743
744
746
747
748
748
755
756
759
764
764
765
772
774
781
783
785
786
789
793
798
799
800
800
800
804
810
815
817
818
818
821
822
823
824
824
826
827
827
828
828
829
829
829
831
833
834
834
834
840
841
841
842
842
843
844
844
846
850
854
860
861
861
866
869
871
871
873
873
874
876
876
876
877
878
879
880
881
884
885
887
889
890
891
891
892
896
897
899
900
900
906
906
907
909
912
912
912
913
913
917
917
918
920
920
921
922
923
925
928
930
931
933
935
937
938
939
940
943
947
948
949
954
958
958
961
964
969
969
970
971
972
973
973
973
977
979
979
985
987
987
989
991
992
993
994
994
995
997
998
999
1002
1003
1003
1005
1009
1010
1010
1013
1019
1021
1027
1031
1034
1038
1040
1041
1043
1043
1047
1050
1052
1053
1053
1056
1057
1057
1061
1065
1075
1081
1081
1083
1087
1088
1089
1089
1089
1090
1091
1093
1094
1095
1096
1098
1104
1107
1109
1110
1110
1111
1111
1113
1113
1114
1114
1119
1120
1121
1123
1127
1128
1129
1131
1134
1134
1135
1137
1137
1142
1145
1148
1149
1150
1153
1158
1163
1165
1166
1167
1169
1171
1172
1173
1173
1176
1178
1179
1181
1183
1190
1190
1190
1191
1191
1196
1197
1198
1199
1200
1201
1202
1202
1205
1205
1207
1212
1215
1215
1217
1225
1227
1227
1234
1235
1235
1236
1236
1238
1238
1238
1241
1243
1248
1248
1254
1257
1257
1258
1262
1263
1265
1265
1266
1268
1268
1273
1273
1274
1276
1277
1278
1278
1278
1279
1285
1286
1288
1295
1297
1298
1298
1299
1300
1302
1302
1304
1305
1310
1314
1314
1315
1316
1317
1318
1321
1326
1329
1331
1334
1337
1338
1339
1342
1350
1350
1357
1363
1365
1366
1366
1369
1371
1371
1372
1374
1374
1376
1376
1377
1382
1382
1382
1384
1387
1388
1389
1393
1394
1399
1401
1401
1401
1402
1403
1404
1407
1417
1420
1425
1426
1427
1428
1428
1430
1431
1433
1434
1434
1435
1436
1436
1436
1438
1438
1438
1438
1439
1441
1442
1443
1445
1445
1446
1446
1446
1448
1451
1454
1456
1456
1459
1459
1460
1460
1461
1461
1461
1463
1471
1475
1477
1478
1482
1482
1484
1484
1485
1487
1488
1488
1488
1489
1489
1490
1490
1491
1501
1501
1502
1506
1506
1507
1507
1517
1519
1519
1524
1525
1525
1527
1529
1530
1540
1543
1545
1545
1546
1546
1547
1549
1550
1552
1554
1555
1560
1562
1563
1564
1565
1565
1573
1574
1575
1578
1579
1580
1582
1583
1584
1585
1588
1588
1589
1589
1590
1594
1598
1601
1601
1604
1605
1606
1609
1609
1610
1612
1615
1615
1617
1617
1618
1618
1622
1624
1626
1627
1629
1629
1633
1641
1641
1642
1642
1646
1646
1647
1647
1649
1649
1650
1650
1652
1654
1655
1655
1656
1657
1657
1659
1665
1666
1669
1669
1670
1670
1670
1673
1673
1673
1677
1677
1679
1679
1681
1682
1682
1683
1683
1683
1684
1684
1686
1686
1694
1698
1700
1705
1705
1706
1707
1707
1711
1712
1717
1722
1723
1726
1727
1728
1729
1732
1734
1738
1738
1739
1748
1751
1759
1761
1762
1762
1763
1764
1766
1766
1766
1767
1768
1771
1771
1771
1771
1772
1777
1787
1787
1789
1792
1793
1795
1797
1799
1805
1806
1812
1813
1813
1816
1821
1822
1824
1828
1828
1828
1831
1831
1832
1834
1835
1839
1841
1845
1848
1848
1849
1850
1851
1852
1852
1852
1855
1857
1859
1859
1859
1859
1865
1867
1868
1874
1875
1877
1878
1882
1883
1884
1886
1894
1895
1895
1898
1900
1901
1901
1902
1903
1904
1907
1907
1909
1909
1912
1912
1913
1918
1918
1920
1921
1926
1926
1927
1929
1929
1931
1934
1937
1939
1946
1949
1949
1950
1950
1952
1955
1957
1959
1959
1963
1964
1965
1966
1968
1972
1973
1977
1982
1983
1985
1985
1994
1994
1997
1998
1999
2002
2002
2007
2008
2012
2014
2016
2018
2019
2023
2023
2025
2026
2029
2030
2032
2036
2039
2040
2040
2042
2044
2047
2051
2053
2058
2058
2058
2060
2065
2067
2068
2075
2080
2084
2092
2097
2097
2098
2100
2100
2101
2107
2107
2111
2112
2114
2114
2114
2116
2119
2119
2123
2125
2126
2127
2127
2128
2129
2131
2131
2133
2134
2137
2138
2140
2150
2150
2151
2153
2154
2158
2162
2162
2165
2166
2168
2169
2169
2176
2177
2180
2180
2181
2186
2187
2188
2188
2191
2195
2197
2199
2200
2201
2202
2202
2203
2205
2210
2211
2212
2214
2214
2215
2215
2216
2216
2220
2229
2230
2233
2237
2238
2242
2244
2245
2247
2249
2251
2251
2253
2253
2254
2255
2256
2258
2260
2267
2270
2272
2272
2272
2278
2280
2280
2281
2282
2283
2288
2290
2293
2293
2295
2297
2298
2300
2304
2306
2307
2310
2317
2317
2318
2319
2320
2320
2321
2322
2323
2325
2326
2334
2335
2338
2339
2339
2340
2342
2344
2345
2346
2352
2357
2362
2362
2365
2365
2366
2373
2377
2378
2378
2378
2379
2383
2384
2388
2391
2397
2397
2400
2401
2402
2403
2404
2406
2406
2406
2408
2414
2414
2422
2424
2425
2427
2427
2433
2434
2438
2439
2439
2440
2440
2440
2442
2448
2451
2452
2455
2455
2455
2461
2468
2471
2473
2475
2477
2478
2481
2485
2486
2487
2488
2491
2492
2493
2493
2496
2497
2499
2500
2507
2507
2508
2511
2517
2519
2520
2521
2526
2530
2538
2539
2541
2541
2545
2545
2546
2549
2550
2554
2555
2556
2556
2560
2564
2569
2572
2573
2578
2578
2582
2584
2590
2593
2597
2597
2598
2599
2604
2606
2607
2607
2611
2613
2613
2613
2619
2621
2624
2628
2629
2629
2631
2632
2634
2634
2635
2636
2637
2637
2640
2641
2642
2643
2643
2647
2647
2650
2652
2653
2658
2658
2661
2663
2663
2666
2668
2670
2671
2671
2673
2673
2675
2675
2679
2685
2688
2690
2692
2693
2695
2696
2697
2701
2706
2707
2712
2713
2714
2715
2715
2716
2716
2722
2727
2728
2729
2740
2740
2742
2745
2745
2747
2748
2750
2760
2764
2765
2768
2769
2771
2777
2777
2778
2778
2779
2785
2785
2786
2788
2791
2791
2797
2797
2798
2800
2804
2810
2810
2816
2829
2830
2830
2835
2836
2838
2841
2842
2844
2844
2845
2850
2851
2854
2854
2857
2858
2859
2862
2865
2865
2867
2867
2868
2870
2872
2881
2882
2883
2884
2888
2893
2896
2899
2901
2904
2906
2907
2907
2909
2910
2914
2917
2918
2919
2922
2922
2927
2929
2930
2930
2933
2939
2943
2943
2943
2944
2952
2954
2963
2966
2969
2974
2979
2986
2987
2989
2998
2999
3002
3004
3008
3008
3009
3010
3018
3022
3031
3031
3032
3032
3033
3034
3034
3043
3044
3045
3045
3049
3050
3053
3053
3055
3057
3057
3058
3062
3064
3068
3069
3073
3076
3080
3082
3083
3083
3086
3090
3093
3097
3098
3100
3106
3109
3121
3123
3124
3125
3127
3132
3135
3138
3141
3145
3147
3148
3150
3150
3152
3153
3154
3156
3158
3160
3166
3168
3169
3174
3174
3181
3181
3182
3183
3188
3189
3189
3192
3194
3194
3196
3196
3196
3205
3205
3207
3208
3210
3215
3217
3220
3223
3229
3230
3230
3232
3234
3242
3244
3245
3245
3247
3248
3250
3252
3267
3269
3277
3278
3279
3281
3288
3301
3310
3310
3312
3314
3324
3329
3330
3332
3334
3336
3340
3340
3353
3355
3358
3358
3359
3359
3371
3384
3385
3387
3388
3390
3404
3406
3415
3417
3417
3420
3427
3431
3433
3436
3437
3439
3443
3448
3449
3450
3452
3455
3460
3464
3465
3468
3469
3474
3475
3478
3488
3490
3492
3495
3495
3501
3502
3507
3513
3514
3517
3520
3522
3530
3530
3534
3534
3534
3536
3541
3543
3543
3544
3546
3549
3551
3559
3561
3565
3578
3580
3580
3584
3586
3588
3589
3592
3594
3594
3607
3608
3608
3609
3611
3611
3614
3625
3632
3632
3638
3639
3640
3644
3645
3645
3652
3652
3655
3655
3655
3657
3657
3663
3667
3667
3674
3675
3676
3678
3683
3683
3689
3689
3691
3693
3698
3701
3703
3704
3709
3710
3711
3720
3720
3727
3736
3736
3738
3738
3740
3741
3744
3744
3749
3751
3751
3754
3757
3757
3760
3777
3778
3778
3779
3779
3780
3783
3785
3791
3792
3793
3793
3800
3801
3807
3810
3811
3815
3824
3826
3835
3837
3840
3842
3849
3858
3862
3863
3872
3875
3876
3878
3882
3886
3889
3891
3892
3907
3909
3909
3910
3912
3913
3915
3915
3916
3919
3921
3929
3932
3933
3953
3956
3958
3962
3963
3965
3967
3968
3970
3970
3971
3974
3974
3978
3983
3990
3990
3993
3996
3997
3998
4002
4005
4006
4008
4009
4010
4011
4020
4026
4027
4030
4034
4034
4036
4036
4037
4039
4047
4056
4057
4058
4064
4064
4065
4066
4073
4075
4083
4083
4085
4086
4090
4092
4093
4095
4105
4108
4111
4129
4131
4132
4132
4133
4138
4138
4139
4146
4149
4151
4152
4157
4158
4163
4165
4173
4186
4192
4196
4200
4211
4213
4215
4220
4223
4236
4244
4247
4247
4248
4251
4251
4252
4258
4264
4267
4269
4271
4275
4276
4282
4285
4286
4293
4294
4295
4302
4305
4305
4305
4309
4320
4324
4329
4339
4349
4350
4350
4352
4357
4358
4360
4360
4364
4365
4368
4382
4385
4387
4394
4395
4396
4406
4415
4417
4422
4427
4433
4434
4434
4439
4440
4440
4443
4444
4447
4462
4463
4463
4463
4466
4466
4478
4479
4484
4486
4492
4494
4495
4495
4500
4501
4519
4525
4526
4528
4529
4544
4546
4551
4564
4566
4571
4573
4576
4577
4577
4581
4584
4588
4593
4599
4601
4606
4611
4617
4620
4620
4623
4628
4635
4647
4648
4649
4656
4661
4661
4661
4671
4671
4674
4678
4678
4686
4688
4691
4691
4692
4694
4697
4698
4698
4701
4703
4704
4708
4709
4709
4709
4714
4721
4721
4725
4732
4733
4738
4742
4745
4747
4755
4774
4783
4789
4789
4791
4796
4797
4799
4801
4804
4807
4809
4809
4809
4817
4817
4819
4826
4826
4831
4831
4837
4838
4845
4849
4853
4854
4856
4857
4857
4858
4861
4866
4872
4881
4881
4890
4899
4901
4907
4910
4912
4913
4914
4919
4921
4924
4930
4932
4937
4939
4940
4941
4946
4949
4953
4955
4961
4967
4972
4972
4979
4983
4988
4991
4992
4993
4997
5001
5004
5012
5018
5020
5022
5023
5024
5025
5025
5025
5027
5037
5040
5042
5048
5052
5052
5053
5063
5063
5064
5071
5086
5091
5094
5095
5095
5103
5104
5108
5112
5113
5115
5127
5137
5138
5140
5140
5150
5152
5153
5166
5167
5168
5173
5173
5175
5177
5179
5180
5181
5183
5185
5207
5207
5209
5211
5212
5218
5219
5219
5222
5224
5228
5231
5234
5237
5248
5249
5251
5255
5259
5260
5264
5276
5289
5304
5305
5312
5313
5318
5333
5345
5345
5348
5349
5355
5356
5366
5373
5375
5377
5379
5380
5389
5389
5395
5396
5409
5414
5416
5419
5429
5432
5434
5437
5437
5439
5442
5448
5451
5454
5463
5468
5477
5489
5491
5499
5505
5505
5506
5512
5517
5519
5521
5523
5529
5530
5531
5537
5554
5556
5556
5587
5590
5603
5605
5607
5611
5617
5621
5625
5630
5634
5635
5640
5641
5642
5646
5651
5667
5675
5686
5691
5705
5705
5705
5705
5720
5729
5731
5733
5735
5735
5779
5780
5781
5788
5793
5794
5794
5798
5800
5803
5808
5813
5818
5823
5824
5832
5834
5837
5843
5846
5846
5853
5863
5865
5880
5882
5885
5893
5898
5908
5913
5915
5920
5920
5933
5934
5938
5938
5945
5950
5951
5958
5958
5961
5961
5967
5975
5990
5990
5990
5991
5992
5993
5995
5999
6010
6016
6023
6048
6059
6062
6063
6069
6070
6071
6079
6082
6083
6084
6084
6085
6093
6095
6100
6101
6107
6108
6110
6111
6122
6126
6130
6133
6138
6141
6148
6166
6167
6173
6179
6184
6184
6189
6195
6196
6199
6202
6209
6230
6230
6236
6236
6252
6256
6270
6295
6306
6317
6321
6328
6332
6333
6337
6338
6349
6350
6351
6369
6370
6372
6375
6376
6376
6384
6385
6387
6388
6397
6402
6404
6406
6416
6419
6421
6427
6430
6432
6433
6433
6436
6460
6461
6468
6468
6471
6480
6482
6487
6490
6496
6500
6501
6502
6510
6515
6533
6542
6550
6550
6552
6559
6563
6569
6575
6581
6582
6586
6588
6589
6594
6607
6615
6616
6619
6619
6621
6625
6634
6634
6634
6637
6640
6641
6642
6649
6653
6654
6657
6670
6671
6672
6674
6683
6696
6696
6700
6703
6704
6708
6710
6710
6715
6723
6723
6724
6728
6729
6743
6749
6757
6757
6758
6765
6771
6775
6776
6778
6783
6784
6788
6791
6798
6801
6801
6803
6808
6808
6818
6819
6820
6836
6849
6853
6856
6869
6871
6874
6876
6880
6898
6916
6927
6937
6938
6983
6985
6986
6991
6994
7007
7010
7012
7016
7016
7020
7022
7031
7042
7048
7056
7069
7080
7085
7086
7115
7120
7125
7138
7139
7150
7155
7156
7168
7169
7170
7172
7181
7189
7192
7193
7200
7201
7208
7232
7244
7252
7252
7264
7280
7282
7282
7302
7310
7317
7320
7321
7322
7325
7335
7336
7343
7347
7360
7362
7364
7371
7383
7390
7395
7397
7399
7404
7406
7410
7427
7432
7459
7484
7514
7524
7528
7540
7547
7553
7570
7585
7590
7596
7605
7605
7606
7606
7610
7620
7622
7632
7634
7646
7647
7649
7680
7682
7693
7697
7699
7728
7730
7735
7740
7741
7756
7767
7775
7809
7816
7820
7838
7838
7848
7865
7871
7872
7881
7885
7887
7892
7901
7903
7904
7904
7919
7921
7941
7954
7973
7977
7983
7985
7988
7989
7997
7999
8023
8039
8040
8040
8043
8046
8063
8082
8083
8093
8114
8115
8115
8117
8118
8129
8133
8135
8150
8159
8162
8165
8166
8190
8193
8198
8202
8210
8243
8246
8247
8288
8301
8308
8310
8312
8317
8327
8328
8353
8382
8390
8405
8405
8423
8436
8436
8437
8462
8471
8505
8514
8518
8521
8524
8524
8532
8536
8543
8554
8554
8585
8590
8595
8596
8596
8640
8658
8665
8671
8679
8683
8697
8703
8718
8732
8755
8757
8762
8767
8768
8777
8797
8820
8830
8832
8833
8836
8844
8844
8858
8859
8877
8880
8899
8908
8948
8963
8993
8995
8998
8999
9010
9016
9030
9032
9052
9059
9063
9088
9102
9113
9127
9145
9147
9157
9205
9274
9276
9276
9277
9285
9285
9290
9292
9322
9323
9336
9353
9358
9364
9367
9367
9389
9401
9402
9403
9427
9430
9437
9443
9448
9460
9506
9547
9548
9549
9551
9553
9564
9569
9574
9577
9626
9627
9627
9641
9649
9652
9658
9689
9690
9690
9693
9693
9697
9700
9711
9712
9713
9726
9733
9733
9739
9754
9756
9776
9801
9808
9826
9846
9857
9857
9872
9881
9886
9886
9892
9903
9903
9920
9948
9968
9969
9969
9991
9995
9997
10005
10012
10017
10018
10042
10067
10096
10098
10106
10110
10127
10130
10143
10155
10202
10202
10217
10223
10254
10265
10268
10300
10301
10309
10311
10317
10321
10338
10347
10350
10384
10397
10406
10410
10417
10420
10420
10421
10422
10427
10442
10478
10492
10492
10493
10500
10517
10520
10526
10533
10536
10546
10558
10566
10581
10598
10613
10632
10641
10643
10670
10677
10677
10704
10706
10709
10709
10718
10720
10781
10788
10815
10838
10867
10869
10879
10888
10899
10902
10905
10911
10924
10927
10937
10959
10967
10970
10988
10998
11004
11041
11051
11063
11065
11100
11108
11138
11139
11151
11162
11180
11180
11193
11211
11218
11228
11239
11260
11280
11291
11332
11336
11338
11340
11374
11403
11407
11425
11451
11471
11471
11508
11528
11530
11576
11583
11622
11624
11626
11633
11634
11634
11682
11687
11755
11776
11787
11803
11804
11824
11872
11872
11874
11906
11948
11956
11958
11970
11983
11996
12016
12026
12111
12149
12156
12172
12190
12220
12245
12250
12258
12258
12262
12268
12277
12299
12332
12399
12410
12411
12419
12439
12450
12469
12499
12529
12537
12582
12621
12630
12657
12661
12676
12700
12731
12733
12740
12800
12811
12818
12831
12840
12848
12857
12864
12872
12889
12894
12904
12911
12955
12992
13018
13075
13083
13089
13091
13092
13100
13124
13154
13168
13172
13183
13208
13208
13241
13245
13259
13260
13297
13345
13346
13370
13380
13399
13439
13440
13463
13468
13475
13492
13552
13564
13586
13624
13637
13647
13667
13709
13713
13736
13738
13772
13779
13795
13804
13826
13829
13863
13877
13881
13884
13940
13943
13944
13961
13987
13992
13994
14005
14006
14012
14070
14081
14088
14106
14121
14136
14140
14162
14177
14216
14242
14254
14279
14313
14321
14329
14331
14355
14356
14357
14424
14430
14454
14462
14466
14475
14485
14495
14499
14518
14524
14536
14557
14575
14653
14690
14715
14732
14742
14811
14815
14815
14830
14842
14845
14851
14860
14864
14864
14867
14875
14883
14888
14892
14917
14917
14929
14972
14993
15002
15014
15028
15034
15058
15089
15097
15156
15160
15181
15259
15273
15289
15293
15295
15320
15322
15333
15358
15411
15434
15481
15503
15548
15564
15574
15594
15625
15658
15675
15716
15724
15732
15738
15760
15762
15762
15773
15775
15790
15834
15853
15875
15911
15938
15956
16015
16042
16155
16156
16162
16163
16233
16239
16269
16275
16328
16346
16347
16351
16381
16468
16493
16558
16565
16625
16639
16704
16718
16775
16874
16940
16958
16962
16982
16999
17023
17073
17091
17109
17219
17222
17329
17346
17388
17406
17414
17464
17464
17474
17490
17511
17525
17543
17628
17663
17671
17698
17703
17714
17729
17748
17775
17799
17805
17844
17888
17963
18025
18025
18054
18106
18131
18175
18191
18303
18335
18349
18396
18409
18443
18469
18576
18600
18675
18704
18763
18797
18832
18839
18869
18982
19008
19126
19166
19221
19275
19312
19354
19457
19478
19520
19532
19550
19552
19641
19697
19711
19786
19787
19906
19921
19923
19930
19943
19957
19988
20053
20089
20089
20090
20121
20143
20245
20256
20328
20338
20431
20504
20507
20649
20709
20719
20750
20783
20848
20901
20923
21027
21148
21173
21306
21383
21482
21490
21614
21808
21869
21980
22018
22044
22129
22189
22226
22320
22339
22346
22391
22458
22497
22525
22583
22619
22675
22705
22722
22725
22742
22801
22893
22911
23004
23263
23347
23376
23461
23501
23560
23592
23602
23620
23669
23722
24002
24015
24040
24050
24189
24229
24285
24363
24367
24389
24512
24533
24557
24643
24713
24770
24773
24865
25049
25216
25219
25315
25605
25701
25782
25849
25878
25947
25959
26036
26045
26323
26324
26330
26368
26558
26582
26613
26730
26987
27088
27123
27540
28050
28240
28267
28710
28851
28907
29056
29202
29347
29498
29529
29608
29618
29848
29916
29963
30353
30354
30372
30469
30485
30542
30563
30587
30638
30656
30777
30783
30944
31082
31475
31478
31569
31629
31653
31924
32169
32230
32762
32800
32834
33228
33548
34144
34422
34631
34794
35049
35240
35662
35713
35754
36093
36115
36323
36347
36460
36494
36762
36875
37681
38338
38421
38423
38510
38538
38552
39257
39734
39832
40111
40358
40644
40666
40744
40788
40808
40830
41075
41166
41935
42039
42135
42297
42383
42428
42551
42845
42936
43020
43690
43850
44216
45667
45714
45909
46465
46679
47050
47807
47908
49155
50671
51012
53701
57794
59070
64109
64671
73710
80974
86815
