












1
1
1
1
1
2
2
3
4
5
7
8
9
11
12
15
17
18
20
21
23
23
23
25
25
25
26
26
27
28
31
32
33
33
33
34
35
36
37
38
39
40
42
43
44
46
46
47
49
49
50
50
50
51
51
54
56
57
57
57
58
59
60
60
61
61
62
62
63
63
63
64
65
65
66
66
68
69
69
70
70
72
72
72
74
76
76
76
76
76
76
78
78
80
80
80
80
81
81
82
85
85
86
86
87
88
88
88
88
89
91
91
91
92
93
95
95
96
96
97
99
99
99
99
100
100
101
102
102
103
104
105
105
105
106
106
106
106
106
107
107
111
112
113
113
113
114
115
115
115
115
116
116
116
117
121
122
122
123
123
124
124
125
126
127
128
129
129
130
134
134
135
135
137
137
139
139
139
140
141
141
143
143
145
145
145
149
150
150
150
152
153
153
154
155
155
156
157
157
158
159
161
161
161
163
165
166
167
168
169
169
170
170
172
172
172
173
174
175
177
177
178
178
178
179
179
179
179
180
180
182
183
183
185
185
185
187
187
188
188
190
191
191
192
192
193
195
197
197
199
199
203
206
206
207
207
208
208
209
209
210
210
210
211
212
213
214
214
215
215
217
218
220
221
222
224
224
225
225
227
227
228
230
230
235
239
240
240
241
245
245
246
246
246
246
246
247
248
250
250
251
251
254
255
255
256
256
256
257
259
259
260
260
261
262
262
264
264
264
264
265
266
267
267
269
269
271
272
272
273
274
275
275
277
277
278
279
279
280
282
283
283
283
284
287
287
287
288
288
289
292
293
294
295
297
297
299
305
306
307
307
308
308
308
310
311
311
311
312
314
315
317
317
318
318
318
319
319
319
320
320
320
320
321
322
322
322
323
323
324
324
325
326
327
328
329
329
331
332
334
335
335
336
336
336
337
338
339
340
342
343
345
346
347
347
347
348
349
349
349
350
350
352
352
352
353
353
355
356
357
357
357
358
358
358
359
359
361
362
363
365
367
368
368
369
369
369
370
370
371
371
371
371
372
372
374
374
374
374
376
376
378
378
378
378
378
379
379
380
381
381
382
382
382
382
383
384
385
385
386
388
388
389
390
390
392
394
395
396
396
397
398
398
398
399
399
399
400
400
401
401
402
403
403
404
404
406
406
407
407
409
409
409
410
411
412
412
413
413
413
414
414
415
416
416
417
417
418
418
419
419
419
420
420
420
421
421
421
422
423
423
424
425
425
426
428
428
428
428
431
433
434
434
439
440
440
440
444
446
446
446
447
448
448
449
450
451
451
451
451
452
452
455
455
456
458
459
461
462
463
464
466
466
466
466
466
468
469
472
472
472
472
473
473
474
474
476
476
476
477
478
478
478
480
480
480
480
483
484
484
485
485
486
488
489
497
499
500
500
500
501
502
502
503
503
503
504
504
504
505
505
506
507
507
508
508
510
510
510
510
511
511
511
512
512
513
514
515
515
516
516
517
517
518
519
519
520
522
523
525
526
527
528
528
528
530
530
530
531
531
531
532
533
533
534
534
534
535
536
536
536
536
537
537
537
538
539
539
540
540
540
540
541
541
542
543
543
544
545
545
545
545
545
546
547
547
548
548
550
550
552
552
552
552
553
555
555
555
555
558
561
561
562
563
563
564
564
567
567
567
568
568
568
569
569
569
569
569
570
570
570
571
573
573
574
575
575
575
576
577
579
579
580
581
584
585
587
587
588
588
589
590
591
591
592
593
593
594
594
595
596
597
597
598
598
598
598
600
601
601
601
603
604
605
606
606
606
606
607
608
608
609
610
610
610
610
611
611
613
614
614
615
615
616
617
617
618
619
619
619
624
625
625
626
626
626
627
630
631
632
632
632
633
633
633
635
635
636
637
637
639
640
643
643
644
645
645
645
646
646
646
647
647
647
648
648
649
649
650
654
655
655
656
657
660
661
662
662
662
665
665
666
669
672
673
674
675
676
676
677
678
678
678
679
679
680
680
680
680
681
681
682
683
684
684
685
685
686
686
687
689
689
690
690
690
691
691
691
692
692
693
695
695
695
695
696
696
696
697
698
698
698
699
699
699
700
701
704
705
706
706
707
708
708
710
710
710
710
710
714
715
716
718
718
719
721
722
722
722
723
723
724
724
724
725
725
725
727
728
728
728
728
733
734
734
734
736
737
737
737
738
739
739
740
740
740
741
742
743
743
743
744
745
747
747
748
748
750
750
750
750
754
755
755
756
756
757
757
757
758
759
760
761
763
763
764
765
765
765
766
767
769
769
770
771
771
771
772
772
772
772
773
773
773
773
774
774
776
777
777
777
778
779
780
781
782
783
784
784
784
785
787
788
788
788
790
795
795
796
798
799
799
799
799
800
800
800
802
803
803
805
807
808
808
809
810
811
812
813
814
814
814
815
815
816
817
817
818
818
818
818
820
822
822
823
824
826
826
826
826
827
827
827
828
829
831
832
833
834
835
837
837
837
840
841
841
841
842
842
842
844
844
844
844
846
848
848
849
849
850
851
852
852
852
852
854
854
854
855
855
859
859
860
860
860
861
863
863
867
869
869
869
870
871
871
871
871
871
872
873
873
873
873
874
874
875
876
876
876
876
877
877
880
880
880
880
880
880
883
883
884
885
887
888
888
889
889
889
890
890
890
890
891
892
894
894
895
895
896
896
896
897
897
898
899
899
900
900
900
900
901
902
903
903
905
905
906
906
906
907
908
908
909
909
912
912
913
914
915
915
916
916
917
917
917
918
919
919
920
920
920
921
922
922
922
923
923
924
926
927
927
931
933
933
934
935
935
936
937
937
938
939
939
940
941
941
942
942
946
947
948
948
948
949
950
951
951
951
953
953
954
954
957
958
958
959
959
961
961
961
967
967
968
969
969
970
970
971
972
972
973
974
974
976
976
977
978
978
979
979
979
980
981
981
981
982
982
984
985
985
986
987
991
991
991
992
992
993
993
994
995
996
996
1000
1002
1002
1002
1003
1004
1004
1004
1004
1005
1005
1005
1006
1007
1007
1008
1008
1009
1009
1010
1011
1011
1011
1011
1012
1013
1013
1013
1014
1015
1015
1016
1018
1019
1019
1019
1022
1023
1024
1025
1026
1027
1028
1028
1029
1031
1031
1031
1031
1031
1032
1032
1033
1033
1033
1034
1035
1039
1040
1040
1040
1041
1042
1043
1043
1044
1046
1047
1050
1050
1053
1053
1053
1056
1057
1057
1058
1059
1061
1061
1061
1065
1065
1066
1066
1066
1067
1071
1071
1072
1073
1074
1074
1075
1076
1077
1077
1079
1081
1081
1081
1083
1083
1085
1087
1087
1087
1088
1088
1088
1089
1089
1089
1090
1091
1092
1092
1092
1093
1094
1094
1094
1095
1095
1096
1097
1098
1098
1098
1100
1101
1103
1103
1104
1105
1106
1107
1107
1108
1110
1111
1111
1111
1112
1112
1113
1114
1114
1114
1114
1116
1116
1117
1118
1119
1119
1119
1120
1121
1121
1122
1123
1123
1125
1125
1125
1128
1129
1130
1132
1132
1133
1134
1134
1134
1135
1137
1137
1137
1138
1139
1141
1143
1143
1144
1144
1144
1145
1145
1145
1148
1148
1149
1150
1151
1151
1152
1153
1153
1154
1155
1155
1157
1158
1159
1161
1163
1163
1163
1164
1165
1166
1166
1166
1167
1167
1167
1167
1170
1171
1171
1171
1172
1172
1173
1173
1174
1176
1176
1179
1182
1183
1185
1185
1187
1188
1190
1190
1190
1191
1192
1195
1196
1198
1199
1200
1201
1202
1202
1204
1205
1206
1206
1206
1209
1211
1211
1212
1214
1214
1214
1215
1215
1217
1218
1219
1219
1220
1221
1225
1226
1226
1227
1228
1229
1229
1232
1232
1233
1234
1235
1235
1236
1236
1238
1238
1238
1238
1239
1239
1239
1241
1243
1246
1248
1248
1253
1253
1254
1256
1257
1258
1260
1264
1265
1266
1266
1267
1268
1268
1268
1268
1269
1270
1271
1272
1272
1273
1273
1275
1276
1276
1276
1276
1277
1278
1279
1279
1282
1282
1284
1286
1287
1287
1288
1289
1290
1292
1292
1292
1293
1295
1296
1296
1297
1298
1298
1298
1300
1302
1302
1305
1305
1308
1308
1309
1309
1310
1312
1313
1314
1314
1314
1314
1315
1317
1318
1318
1319
1321
1322
1323
1324
1326
1329
1330
1330
1330
1331
1331
1331
1331
1333
1336
1337
1339
1341
1343
1343
1343
1344
1346
1348
1350
1351
1353
1355
1355
1359
1360
1361
1362
1363
1365
1366
1369
1370
1371
1371
1371
1371
1372
1372
1372
1372
1374
1375
1375
1376
1376
1376
1376
1377
1378
1382
1382
1383
1387
1387
1387
1388
1392
1393
1393
1397
1398
1398
1399
1399
1399
1400
1400
1400
1401
1401
1401
1401
1404
1404
1404
1405
1405
1406
1407
1409
1412
1412
1413
1413
1414
1415
1416
1417
1419
1420
1422
1423
1423
1423
1423
1424
1424
1426
1426
1427
1427
1428
1429
1435
1436
1436
1436
1436
1437
1438
1438
1438
1438
1438
1438
1439
1440
1441
1443
1443
1444
1444
1445
1446
1446
1448
1451
1451
1452
1453
1454
1454
1454
1455
1456
1456
1460
1460
1461
1461
1462
1463
1463
1465
1465
1467
1468
1469
1470
1471
1475
1476
1477
1477
1479
1481
1482
1483
1483
1484
1484
1484
1487
1488
1488
1489
1489
1490
1490
1491
1496
1498
1500
1501
1502
1504
1506
1507
1507
1507
1512
1513
1515
1515
1516
1516
1518
1519
1522
1522
1525
1525
1526
1527
1527
1529
1530
1531
1533
1537
1537
1538
1540
1541
1543
1544
1546
1546
1547
1548
1549
1549
1549
1552
1554
1554
1555
1556
1557
1557
1557
1558
1559
1559
1562
1562
1563
1563
1564
1565
1565
1567
1569
1570
1571
1572
1573
1574
1577
1578
1579
1580
1580
1581
1582
1582
1582
1584
1586
1586
1586
1587
1588
1588
1588
1588
1589
1589
1591
1591
1594
1594
1594
1594
1594
1594
1594
1595
1597
1601
1604
1606
1608
1608
1609
1609
1612
1612
1613
1614
1615
1615
1616
1616
1617
1618
1618
1621
1622
1622
1622
1623
1623
1624
1626
1627
1632
1633
1634
1635
1637
1637
1637
1640
1641
1641
1642
1642
1642
1646
1647
1650
1650
1650
1651
1652
1654
1654
1657
1657
1658
1658
1659
1661
1662
1665
1666
1669
1669
1669
1670
1672
1673
1673
1673
1673
1675
1675
1676
1677
1677
1679
1680
1682
1682
1683
1683
1684
1684
1685
1685
1686
1686
1686
1687
1687
1689
1692
1692
1694
1694
1696
1697
1698
1700
1700
1703
1704
1705
1705
1705
1706
1707
1707
1709
1711
1712
1714
1715
1715
1716
1717
1717
1719
1719
1720
1722
1723
1723
1723
1724
1727
1727
1728
1729
1730
1731
1731
1732
1734
1736
1736
1738
1738
1739
1743
1745
1746
1746
1746
1748
1749
1750
1751
1753
1756
1757
1757
1758
1759
1761
1762
1762
1764
1764
1766
1766
1767
1768
1768
1770
1770
1771
1771
1771
1772
1774
1775
1776
1777
1778
1779
1781
1781
1782
1783
1784
1785
1787
1787
1787
1787
1788
1788
1789
1792
1793
1795
1795
1795
1796
1797
1800
1801
1806
1806
1807
1807
1808
1810
1811
1811
1812
1812
1813
1813
1814
1814
1816
1819
1820
1821
1822
1822
1823
1823
1823
1823
1823
1823
1824
1826
1828
1828
1828
1830
1830
1830
1830
1831
1832
1833
1834
1834
1835
1837
1837
1838
1839
1839
1839
1840
1841
1841
1842
1845
1846
1846
1847
1848
1848
1848
1849
1850
1850
1850
1851
1851
1852
1852
1852
1853
1854
1855
1858
1862
1864
1864
1864
1867
1867
1868
1871
1872
1872
1873
1873
1876
1877
1878
1880
1882
1883
1884
1884
1885
1886
1886
1887
1888
1890
1891
1892
1898
1898
1899
1900
1901
1901
1902
1902
1902
1905
1907
1911
1912
1912
1912
1914
1914
1916
1916
1919
1920
1920
1921
1921
1922
1924
1924
1924
1925
1926
1926
1926
1927
1928
1929
1929
1929
1931
1933
1934
1934
1934
1935
1936
1938
1939
1939
1939
1939
1941
1942
1943
1945
1945
1945
1946
1947
1949
1949
1949
1950
1951
1952
1953
1954
1954
1955
1955
1958
1959
1959
1959
1961
1961
1961
1964
1965
1965
1967
1969
1971
1971
1972
1972
1972
1973
1973
1974
1976
1977
1977
1977
1977
1978
1983
1983
1983
1984
1985
1985
1988
1988
1992
1995
1999
2002
2002
2006
2006
2007
2008
2011
2011
2012
2012
2012
2014
2014
2014
2014
2016
2017
2017
2020
2023
2023
2026
2030
2030
2031
2031
2032
2032
2032
2033
2033
2035
2036
2036
2037
2038
2039
2040
2040
2040
2040
2041
2042
2043
2044
2044
2045
2047
2047
2049
2051
2056
2057
2057
2058
2059
2059
2059
2060
2063
2064
2065
2065
2066
2066
2068
2068
2068
2070
2070
2071
2072
2072
2074
2075
2077
2078
2080
2081
2082
2082
2082
2084
2084
2088
2088
2092
2092
2094
2096
2097
2098
2098
2099
2099
2100
2100
2100
2100
2100
2101
2103
2105
2111
2112
2114
2114
2114
2114
2116
2116
2116
2118
2118
2119
2120
2121
2121
2122
2123
2125
2126
2126
2126
2127
2128
2132
2133
2134
2134
2136
2136
2137
2138
2138
2138
2139
2140
2141
2142
2148
2149
2150
2151
2151
2154
2154
2156
2157
2158
2159
2162
2162
2162
2163
2164
2165
2165
2166
2168
2169
2169
2170
2170
2171
2173
2175
2176
2176
2177
2177
2178
2178
2179
2180
2183
2186
2187
2189
2191
2199
2200
2201
2202
2202
2202
2203
2203
2205
2207
2210
2210
2213
2214
2215
2215
2216
2217
2220
2220
2220
2221
2223
2224
2227
2227
2229
2230
2231
2231
2231
2231
2232
2233
2234
2234
2235
2237
2237
2238
2239
2240
2241
2241
2244
2244
2245
2249
2250
2251
2251
2256
2256
2257
2261
2266
2267
2267
2267
2270
2270
2271
2271
2272
2272
2278
2278
2278
2280
2281
2282
2283
2284
2285
2288
2290
2290
2291
2293
2293
2295
2297
2298
2299
2300
2300
2303
2303
2304
2305
2306
2307
2308
2311
2314
2315
2315
2316
2316
2317
2318
2320
2322
2322
2323
2325
2326
2326
2327
2327
2329
2329
2331
2336
2338
2339
2339
2340
2340
2340
2340
2342
2342
2344
2344
2357
2361
2362
2362
2364
2365
2366
2366
2368
2369
2369
2372
2373
2376
2377
2377
2378
2378
2381
2381
2383
2383
2385
2388
2388
2388
2389
2390
2390
2391
2391
2392
2392
2397
2397
2401
2403
2406
2406
2408
2408
2412
2412
2414
2414
2421
2421
2421
2421
2424
2424
2425
2425
2426
2427
2427
2427
2428
2433
2433
2433
2435
2435
2438
2440
2440
2442
2444
2445
2448
2448
2450
2451
2452
2452
2453
2454
2455
2456
2457
2460
2461
2462
2462
2464
2466
2467
2467
2467
2471
2471
2475
2475
2477
2479
2481
2483
2485
2485
2486
2487
2488
2488
2489
2489
2493
2494
2495
2495
2498
2500
2500
2503
2504
2506
2506
2507
2507
2508
2508
2509
2511
2511
2513
2514
2515
2515
2516
2518
2518
2519
2521
2521
2522
2523
2523
2524
2524
2524
2525
2525
2528
2531
2533
2535
2536
2536
2538
2538
2539
2539
2539
2540
2541
2541
2542
2542
2543
2543
2544
2546
2546
2546
2547
2548
2549
2549
2553
2554
2555
2556
2557
2558
2560
2565
2568
2569
2569
2571
2572
2574
2574
2576
2577
2578
2578
2578
2579
2579
2582
2584
2588
2588
2589
2590
2592
2593
2594
2594
2597
2597
2599
2600
2600
2604
2605
2605
2606
2607
2607
2609
2609
2611
2613
2613
2614
2617
2618
2618
2620
2621
2622
2624
2624
2625
2626
2628
2628
2629
2630
2630
2631
2633
2633
2634
2635
2635
2636
2637
2637
2641
2642
2643
2644
2644
2647
2652
2653
2653
2655
2658
2660
2661
2663
2663
2666
2667
2667
2668
2668
2670
2671
2671
2673
2674
2675
2675
2679
2679
2680
2682
2682
2683
2688
2689
2690
2690
2691
2692
2693
2695
2695
2696
2699
2701
2703
2707
2708
2708
2710
2711
2711
2712
2712
2713
2714
2714
2716
2716
2716
2718
2719
2721
2722
2727
2728
2728
2728
2729
2729
2729
2732
2735
2735
2740
2741
2743
2744
2745
2745
2747
2748
2748
2755
2755
2755
2757
2757
2758
2758
2759
2759
2760
2760
2760
2762
2763
2765
2768
2768
2771
2773
2773
2775
2777
2778
2778
2779
2782
2785
2786
2786
2788
2791
2792
2793
2797
2800
2803
2804
2805
2806
2809
2809
2810
2811
2811
2812
2813
2815
2816
2817
2818
2818
2818
2819
2821
2822
2823
2825
2825
2829
2829
2830
2830
2833
2836
2840
2841
2841
2842
2844
2844
2844
2845
2847
2848
2850
2852
2854
2854
2854
2856
2862
2865
2867
2867
2872
2877
2880
2881
2882
2883
2884
2886
2888
2889
2891
2891
2892
2893
2896
2897
2898
2899
2900
2901
2902
2903
2904
2909
2910
2910
2912
2912
2913
2915
2916
2918
2918
2918
2919
2922
2922
2926
2930
2930
2930
2937
2943
2943
2943
2943
2944
2945
2949
2953
2956
2957
2957
2960
2960
2962
2963
2963
2969
2969
2973
2973
2979
2981
2984
2984
2984
2987
2989
2990
2992
2994
2994
2995
2995
2998
2998
2998
2998
2999
3001
3002
3002
3002
3003
3004
3007
3007
3008
3010
3010
3011
3012
3013
3016
3017
3018
3019
3023
3025
3025
3025
3026
3029
3034
3034
3038
3043
3045
3045
3045
3046
3046
3047
3049
3050
3050
3052
3053
3053
3054
3055
3055
3056
3057
3057
3057
3058
3058
3058
3059
3059
3062
3062
3064
3065
3065
3065
3067
3067
3070
3073
3076
3080
3085
3093
3097
3098
3100
3100
3102
3109
3111
3112
3112
3121
3122
3122
3123
3124
3124
3126
3128
3134
3134
3135
3137
3138
3138
3139
3141
3144
3145
3145
3147
3148
3148
3150
3150
3154
3156
3158
3158
3158
3158
3160
3161
3162
3164
3164
3165
3165
3165
3166
3168
3172
3175
3176
3177
3181
3182
3182
3183
3184
3185
3185
3186
3187
3188
3189
3190
3191
3194
3194
3196
3196
3197
3200
3205
3207
3210
3212
3215
3217
3219
3220
3222
3223
3224
3224
3227
3227
3234
3235
3235
3238
3241
3243
3243
3251
3252
3252
3256
3258
3259
3259
3260
3263
3265
3268
3269
3269
3271
3275
3277
3278
3278
3279
3286
3287
3287
3294
3296
3298
3298
3301
3301
3301
3304
3306
3310
3312
3312
3313
3314
3314
3315
3316
3318
3318
3319
3320
3320
3320
3321
3326
3327
3330
3332
3332
3334
3335
3336
3340
3340
3340
3349
3353
3355
3355
3358
3358
3358
3359
3360
3363
3367
3371
3373
3376
3378
3383
3384
3386
3386
3392
3397
3398
3401
3401
3404
3404
3404
3404
3405
3406
3406
3413
3415
3417
3417
3418
3418
3420
3420
3420
3422
3423
3427
3429
3432
3433
3433
3436
3436
3439
3443
3445
3445
3446
3448
3450
3450
3452
3452
3454
3454
3460
3462
3464
3465
3473
3475
3479
3479
3481
3482
3485
3489
3490
3492
3492
3496
3498
3505
3506
3508
3509
3510
3511
3511
3515
3520
3522
3522
3523
3523
3527
3528
3529
3529
3530
3530
3530
3531
3531
3532
3532
3534
3536
3536
3537
3544
3545
3549
3550
3553
3554
3559
3563
3565
3566
3570
3574
3576
3577
3578
3580
3580
3580
3580
3586
3588
3589
3589
3593
3594
3594
3595
3596
3601
3602
3607
3608
3608
3608
3609
3610
3611
3613
3614
3614
3625
3627
3627
3629
3632
3632
3634
3634
3635
3638
3638
3639
3639
3640
3640
3643
3645
3646
3647
3649
3650
3651
3651
3652
3655
3655
3655
3655
3657
3657
3657
3658
3661
3667
3667
3668
3670
3673
3674
3679
3680
3680
3683
3683
3683
3689
3689
3689
3690
3690
3691
3692
3693
3693
3696
3697
3701
3701
3703
3704
3705
3706
3708
3709
3710
3712
3716
3717
3719
3719
3720
3720
3723
3725
3726
3729
3735
3735
3736
3738
3739
3740
3740
3741
3744
3744
3745
3745
3747
3748
3749
3754
3754
3756
3761
3763
3770
3771
3772
3772
3777
3777
3778
3778
3778
3779
3779
3780
3783
3783
3786
3791
3792
3793
3793
3793
3794
3797
3797
3800
3801
3804
3808
3810
3811
3824
3825
3832
3832
3834
3834
3835
3835
3836
3836
3837
3839
3842
3846
3846
3848
3849
3850
3854
3855
3855
3856
3858
3858
3858
3861
3861
3862
3863
3864
3867
3868
3869
3873
3874
3875
3875
3875
3876
3876
3879
3879
3882
3882
3886
3886
3889
3891
3892
3896
3898
3900
3901
3902
3902
3903
3907
3909
3909
3910
3910
3912
3913
3915
3915
3916
3917
3917
3917
3918
3919
3922
3924
3927
3932
3933
3937
3938
3941
3942
3943
3944
3949
3949
3952
3955
3956
3956
3957
3961
3961
3963
3965
3965
3966
3968
3968
3971
3973
3974
3981
3983
3985
3986
3987
3988
3989
3993
3993
3995
3996
3997
3997
3998
4001
4002
4006
4008
4008
4010
4010
4014
4020
4027
4028
4029
4030
4031
4036
4037
4038
4046
4049
4049
4050
4051
4055
4056
4056
4057
4058
4061
4062
4065
4066
4070
4072
4073
4073
4074
4075
4081
4081
4083
4083
4084
4085
4087
4092
4096
4098
4101
4103
4105
4109
4111
4111
4112
4116
4119
4121
4124
4124
4129
4129
4132
4132
4133
4135
4137
4138
4139
4141
4142
4143
4145
4149
4150
4151
4152
4153
4153
4157
4158
4161
4161
4162
4164
4164
4165
4165
4168
4169
4169
4171
4172
4173
4174
4180
4181
4181
4185
4186
4190
4195
4199
4199
4200
4200
4204
4205
4205
4206
4208
4213
4213
4214
4214
4215
4216
4217
4217
4218
4219
4220
4220
4223
4224
4226
4226
4230
4234
4235
4237
4241
4244
4246
4247
4247
4247
4248
4250
4251
4252
4254
4263
4264
4266
4266
4271
4271
4272
4272
4275
4276
4280
4283
4285
4286
4288
4293
4294
4295
4295
4299
4301
4302
4303
4304
4305
4305
4306
4307
4308
4309
4311
4312
4312
4313
4314
4315
4317
4318
4320
4320
4324
4326
4327
4327
4329
4332
4349
4350
4350
4360
4363
4364
4364
4364
4365
4368
4371
4373
4373
4376
4376
4377
4378
4379
4381
4381
4382
4383
4384
4385
4385
4385
4390
4391
4394
4395
4396
4396
4398
4399
4400
4404
4406
4409
4410
4413
4413
4413
4415
4416
4416
4416
4417
4418
4422
4423
4425
4425
4427
4434
4435
4437
4439
4441
4443
4444
4447
4447
4447
4450
4453
4458
4462
4463
4463
4463
4465
4466
4467
4468
4469
4476
4478
4481
4483
4484
4485
4491
4491
4492
4493
4495
4496
4496
4497
4498
4500
4500
4501
4502
4504
4507
4515
4517
4517
4518
4519
4519
4521
4524
4529
4529
4531
4541
4542
4546
4551
4552
4555
4563
4564
4577
4579
4580
4580
4581
4581
4583
4585
4586
4588
4590
4593
4594
4598
4600
4601
4603
4604
4604
4605
4606
4606
4610
4611
4617
4617
4621
4623
4624
4624
4624
4626
4628
4628
4633
4635
4635
4636
4647
4647
4649
4649
4657
4661
4661
4663
4668
4671
4673
4674
4675
4678
4681
4682
4683
4686
4687
4688
4691
4692
4692
4695
4695
4696
4698
4701
4701
4701
4702
4702
4703
4703
4704
4707
4707
4708
4708
4709
4710
4712
4714
4714
4715
4719
4721
4721
4722
4723
4724
4724
4725
4725
4727
4727
4733
4734
4738
4739
4740
4741
4742
4742
4743
4745
4747
4748
4751
4752
4756
4756
4756
4757
4761
4767
4767
4768
4769
4770
4774
4780
4781
4782
4783
4783
4786
4792
4794
4796
4796
4799
4802
4802
4804
4805
4805
4806
4807
4807
4809
4810
4810
4812
4815
4817
4818
4823
4826
4828
4831
4831
4837
4840
4841
4849
4855
4856
4857
4858
4859
4861
4861
4864
4865
4865
4866
4867
4872
4874
4875
4882
4883
4883
4883
4884
4890
4895
4896
4902
4909
4910
4912
4913
4913
4914
4915
4919
4921
4923
4923
4924
4939
4939
4943
4945
4946
4947
4949
4949
4949
4950
4951
4951
4953
4955
4955
4957
4961
4961
4963
4965
4972
4972
4973
4981
4983
4988
4988
4989
4989
4990
4990
4990
4991
4991
4994
4997
4998
4998
5002
5002
5008
5012
5013
5017
5018
5018
5018
5019
5021
5023
5024
5025
5038
5042
5042
5042
5048
5048
5052
5052
5054
5059
5060
5061
5061
5063
5063
5067
5070
5071
5072
5074
5075
5075
5080
5080
5081
5082
5085
5086
5091
5091
5093
5095
5097
5098
5100
5101
5104
5104
5105
5112
5113
5115
5117
5119
5119
5125
5126
5130
5131
5134
5139
5140
5143
5145
5149
5150
5150
5151
5152
5153
5158
5166
5166
5166
5168
5169
5171
5172
5173
5173
5173
5175
5177
5178
5179
5180
5181
5185
5185
5187
5197
5199
5200
5201
5203
5204
5207
5211
5212
5214
5215
5219
5219
5220
5220
5222
5222
5222
5225
5227
5227
5228
5231
5231
5235
5236
5237
5238
5239
5240
5249
5249
5254
5264
5264
5265
5265
5266
5266
5269
5271
5273
5273
5279
5282
5285
5289
5290
5292
5294
5296
5297
5299
5300
5303
5304
5309
5312
5313
5318
5322
5322
5325
5325
5328
5330
5331
5338
5342
5345
5346
5348
5355
5356
5358
5359
5360
5361
5361
5363
5367
5372
5373
5374
5375
5377
5380
5381
5381
5381
5381
5384
5387
5389
5391
5393
5394
5396
5397
5398
5405
5405
5409
5409
5411
5414
5421
5422
5422
5425
5437
5437
5443
5443
5444
5445
5445
5447
5449
5451
5453
5454
5454
5457
5459
5461
5462
5463
5470
5474
5476
5479
5480
5480
5480
5485
5487
5489
5491
5491
5493
5496
5497
5503
5505
5505
5505
5506
5506
5512
5516
5518
5519
5521
5521
5523
5525
5525
5529
5532
5537
5539
5544
5547
5552
5555
5556
5556
5557
5559
5563
5565
5566
5568
5569
5572
5572
5586
5587
5587
5589
5591
5592
5596
5602
5603
5604
5605
5607
5607
5607
5612
5614
5614
5618
5624
5625
5627
5627
5627
5630
5634
5636
5636
5637
5637
5638
5641
5641
5642
5645
5646
5648
5651
5652
5653
5656
5657
5658
5659
5663
5664
5665
5667
5670
5675
5680
5683
5683
5684
5685
5686
5690
5690
5692
5693
5696
5700
5700
5701
5703
5705
5707
5708
5711
5720
5727
5731
5731
5731
5733
5733
5735
5735
5745
5749
5749
5751
5752
5761
5761
5765
5775
5778
5780
5788
5790
5793
5794
5794
5798
5799
5800
5801
5803
5808
5814
5815
5821
5821
5824
5824
5827
5829
5829
5831
5831
5834
5835
5848
5859
5861
5863
5868
5873
5879
5879
5880
5882
5883
5888
5892
5893
5903
5904
5907
5915
5915
5920
5923
5923
5925
5926
5931
5936
5937
5941
5944
5945
5946
5951
5957
5957
5958
5958
5960
5961
5961
5974
5981
5981
5985
5990
5990
5991
5996
5999
5999
6007
6008
6010
6012
6014
6016
6022
6025
6025
6025
6025
6033
6035
6035
6036
6045
6048
6056
6057
6062
6063
6063
6064
6065
6067
6067
6068
6069
6078
6079
6082
6083
6085
6086
6094
6096
6096
6100
6101
6107
6108
6108
6110
6111
6116
6119
6121
6123
6127
6130
6134
6135
6136
6136
6140
6143
6145
6148
6148
6149
6150
6151
6155
6156
6160
6167
6169
6170
6171
6172
6173
6178
6178
6183
6184
6190
6201
6210
6212
6214
6221
6227
6236
6241
6244
6256
6261
6262
6264
6268
6270
6274
6275
6278
6286
6288
6294
6297
6299
6299
6304
6307
6320
6320
6321
6321
6325
6326
6328
6333
6336
6338
6340
6342
6343
6344
6345
6346
6350
6353
6353
6356
6359
6366
6370
6371
6372
6373
6375
6375
6376
6376
6378
6379
6380
6381
6392
6392
6392
6395
6398
6401
6402
6403
6404
6406
6416
6429
6433
6433
6437
6441
6443
6444
6447
6450
6451
6451
6452
6455
6458
6461
6465
6465
6470
6471
6472
6477
6478
6480
6493
6496
6496
6496
6497
6500
6507
6507
6514
6514
6516
6518
6519
6536
6539
6542
6547
6548
6549
6549
6550
6550
6552
6553
6562
6563
6563
6565
6567
6569
6570
6576
6578
6581
6582
6587
6587
6588
6588
6589
6589
6592
6595
6598
6600
6606
6607
6609
6611
6612
6615
6615
6616
6617
6619
6619
6619
6619
6621
6623
6627
6640
6642
6642
6645
6652
6653
6657
6657
6658
6659
6662
6664
6671
6672
6676
6685
6695
6695
6696
6698
6700
6704
6712
6716
6723
6728
6729
6736
6743
6749
6750
6756
6757
6758
6766
6769
6771
6776
6778
6783
6788
6789
6791
6791
6794
6798
6800
6800
6801
6801
6801
6802
6805
6808
6812
6815
6820
6823
6829
6830
6836
6838
6856
6860
6865
6869
6870
6871
6871
6874
6875
6877
6880
6880
6880
6884
6891
6892
6893
6907
6914
6916
6916
6918
6919
6921
6923
6926
6927
6931
6937
6943
6950
6954
6958
6959
6959
6960
6961
6962
6970
6973
6974
6975
6976
6983
6985
6992
6992
6994
7000
7003
7004
7007
7009
7010
7012
7016
7019
7020
7022
7026
7030
7031
7035
7036
7038
7042
7053
7056
7058
7063
7068
7069
7074
7076
7095
7097
7101
7102
7102
7114
7116
7117
7123
7126
7139
7139
7140
7144
7146
7149
7150
7150
7151
7154
7155
7165
7168
7169
7170
7172
7172
7174
7177
7179
7181
7189
7189
7190
7192
7193
7197
7201
7203
7213
7217
7221
7221
7224
7225
7228
7231
7232
7244
7252
7253
7256
7259
7259
7259
7260
7260
7264
7266
7274
7277
7282
7305
7306
7307
7310
7310
7319
7319
7320
7321
7332
7334
7339
7343
7343
7348
7361
7371
7380
7381
7384
7388
7393
7397
7399
7404
7407
7412
7417
7418
7419
7421
7423
7427
7427
7437
7448
7448
7453
7459
7459
7460
7462
7470
7475
7476
7483
7484
7488
7490
7503
7507
7517
7517
7524
7528
7532
7533
7534
7534
7540
7546
7562
7570
7570
7571
7571
7580
7580
7582
7586
7590
7591
7594
7596
7604
7605
7606
7608
7610
7615
7619
7622
7624
7630
7631
7637
7647
7650
7662
7663
7665
7668
7674
7680
7692
7693
7695
7697
7697
7708
7710
7715
7716
7720
7720
7726
7728
7729
7730
7737
7739
7749
7751
7751
7751
7756
7759
7767
7777
7782
7785
7787
7789
7792
7809
7813
7822
7838
7838
7845
7866
7866
7867
7871
7872
7874
7881
7883
7885
7892
7892
7894
7898
7899
7900
7901
7903
7904
7904
7908
7911
7918
7919
7920
7923
7927
7934
7940
7944
7946
7947
7954
7956
7958
7962
7973
7974
7983
7985
7999
7999
8000
8010
8013
8017
8019
8020
8032
8040
8043
8046
8055
8058
8063
8071
8072
8078
8092
8093
8093
8097
8100
8108
8111
8115
8118
8144
8158
8160
8166
8170
8170
8171
8174
8190
8192
8194
8197
8199
8200
8202
8204
8205
8208
8210
8217
8229
8231
8242
8243
8248
8269
8272
8272
8279
8291
8299
8301
8303
8311
8312
8315
8320
8327
8331
8331
8331
8333
8334
8345
8349
8366
8374
8382
8390
8397
8402
8405
8409
8416
8423
8428
8432
8446
8466
8466
8479
8479
8479
8486
8490
8500
8503
8514
8515
8516
8518
8519
8524
8527
8534
8536
8543
8543
8544
8546
8555
8558
8562
8564
8575
8584
8585
8587
8592
8593
8594
8609
8610
8616
8617
8625
8627
8634
8645
8647
8647
8648
8649
8651
8658
8661
8663
8665
8665
8675
8679
8681
8682
8695
8701
8707
8729
8732
8737
8738
8750
8757
8758
8759
8760
8768
8768
8771
8776
8776
8777
8788
8790
8791
8795
8802
8804
8813
8815
8823
8833
8836
8841
8844
8847
8858
8858
8872
8877
8881
8889
8892
8895
8899
8921
8925
8932
8933
8933
8934
8944
8948
8963
8964
8964
8979
8986
8988
8995
8998
9010
9014
9044
9048
9057
9058
9059
9063
9070
9077
9079
9083
9088
9092
9095
9102
9105
9108
9113
9126
9130
9135
9144
9157
9162
9164
9167
9177
9186
9205
9222
9229
9233
9236
9239
9242
9242
9245
9248
9254
9274
9275
9276
9277
9277
9277
9278
9280
9284
9285
9285
9290
9290
9292
9292
9294
9315
9322
9322
9324
9336
9340
9341
9349
9358
9359
9367
9386
9387
9387
9389
9401
9402
9406
9411
9421
9437
9438
9440
9441
9442
9443
9448
9469
9470
9475
9486
9488
9489
9491
9501
9506
9507
9517
9523
9533
9543
9544
9547
9548
9551
9552
9553
9564
9566
9572
9575
9578
9585
9586
9589
9595
9596
9613
9615
9617
9625
9636
9639
9641
9652
9652
9661
9663
9664
9667
9669
9672
9673
9689
9689
9690
9694
9697
9699
9705
9712
9713
9720
9726
9739
9745
9748
9750
9750
9753
9756
9765
9773
9784
9803
9812
9812
9820
9846
9854
9857
9861
9863
9876
9886
9886
9902
9903
9909
9911
9913
9925
9933
9942
9942
9948
9966
9967
9968
9974
9975
9976
9990
9997
10000
10007
10010
10014
10015
10016
10024
10025
10029
10032
10036
10038
10039
10042
10049
10052
10060
10064
10066
10092
10096
10101
10106
10110
10116
10136
10138
10146
10155
10168
10178
10196
10209
10232
10235
10238
10249
10251
10257
10261
10263
10268
10287
10294
10295
10300
10300
10301
10307
10316
10317
10334
10338
10372
10375
10380
10384
10397
10406
10410
10421
10422
10426
10427
10431
10443
10444
10461
10463
10464
10465
10465
10478
10493
10496
10500
10509
10516
10517
10520
10523
10525
10538
10538
10550
10554
10566
10571
10572
10581
10582
10583
10588
10598
10604
10610
10614
10615
10625
10630
10633
10635
10648
10670
10673
10680
10692
10706
10707
10709
10727
10727
10739
10748
10748
10749
10751
10762
10765
10781
10816
10819
10822
10833
10850
10869
10873
10876
10879
10888
10899
10901
10913
10926
10927
10932
10942
10943
10950
10952
10954
10959
10970
10975
10976
10981
10985
10985
10987
10988
10989
10991
10998
11001
11002
11008
11019
11027
11031
11036
11045
11045
11049
11051
11053
11069
11071
11075
11094
11100
11102
11106
11117
11118
11139
11146
11152
11159
11161
11162
11169
11169
11170
11180
11195
11211
11217
11217
11220
11226
11239
11247
11256
11260
11261
11267
11272
11272
11280
11283
11286
11288
11288
11299
11305
11307
11307
11321
11333
11333
11343
11348
11389
11407
11429
11443
11471
11471
11508
11527
11544
11551
11562
11570
11572
11579
11583
11592
11614
11614
11622
11624
11626
11626
11629
11634
11637
11638
11648
11653
11682
11687
11689
11703
11723
11735
11740
11740
11755
11766
11787
11803
11810
11831
11832
11835
11848
11856
11863
11868
11880
11927
11933
11945
11954
11956
11982
11982
11983
11987
11997
12023
12027
12038
12039
12040
12084
12085
12116
12117
12137
12138
12149
12156
12172
12190
12215
12249
12250
12250
12252
12262
12268
12273
12279
12283
12307
12317
12324
12356
12360
12366
12379
12385
12411
12419
12447
12462
12491
12509
12528
12529
12537
12538
12550
12552
12566
12570
12577
12578
12582
12588
12591
12595
12651
12651
12657
12676
12687
12700
12701
12715
12727
12757
12759
12764
12775
12812
12818
12831
12836
12840
12854
12858
12868
12870
12872
12889
12895
12906
12925
12935
12937
12958
12961
12979
13029
13048
13053
13075
13077
13077
13089
13091
13092
13113
13116
13124
13133
13144
13155
13160
13168
13170
13183
13190
13208
13211
13214
13216
13240
13241
13259
13292
13306
13313
13325
13346
13350
13359
13369
13392
13394
13396
13416
13421
13437
13440
13443
13464
13471
13472
13475
13479
13490
13504
13533
13558
13564
13580
13599
13604
13616
13624
13646
13650
13668
13679
13687
13699
13738
13742
13762
13772
13779
13787
13788
13795
13795
13804
13812
13820
13826
13827
13829
13831
13846
13863
13864
13864
13867
13875
13877
13881
13884
13895
13898
13898
13915
13940
13943
13944
13953
13961
13975
13981
13987
13989
13994
14005
14007
14009
14014
14015
14015
14030
14040
14049
14052
14070
14077
14077
14086
14086
14086
14088
14088
14104
14130
14140
14162
14183
14187
14189
14201
14209
14230
14242
14244
14247
14251
14259
14265
14275
14310
14312
14313
14313
14313
14318
14321
14327
14331
14344
14355
14355
14401
14418
14428
14430
14440
14440
14441
14466
14475
14495
14498
14510
14514
14514
14518
14519
14532
14532
14536
14537
14540
14545
14557
14575
14575
14618
14619
14624
14646
14675
14676
14679
14685
14698
14710
14715
14729
14732
14741
14744
14776
14779
14810
14815
14816
14816
14832
14833
14844
14863
14864
14867
14873
14884
14890
14901
14907
14917
14929
14950
14969
14971
14997
15031
15034
15050
15070
15082
15083
15089
15094
15097
15138
15155
15156
15164
15181
15182
15241
15251
15275
15279
15289
15290
15293
15299
15320
15333
15337
15345
15356
15358
15360
15381
15431
15434
15461
15476
15487
15534
15548
15574
15582
15582
15582
15625
15641
15653
15690
15700
15705
15716
15723
15725
15750
15750
15758
15763
15772
15773
15775
15798
15804
15808
15832
15834
15844
15849
15870
15922
15938
15955
15956
15971
16015
16068
16068
16076
16085
16116
16118
16131
16162
16185
16239
16249
16260
16271
16273
16275
16317
16337
16345
16346
16351
16381
16407
16413
16453
16462
16470
16472
16476
16492
16493
16502
16558
16565
16570
16580
16595
16597
16601
16603
16625
16639
16648
16649
16687
16700
16718
16725
16746
16747
16773
16775
16822
16843
16874
16875
16940
16962
16982
17001
17053
17073
17079
17091
17106
17110
17116
17118
17137
17157
17188
17222
17235
17246
17266
17296
17297
17303
17312
17334
17346
17357
17388
17390
17394
17408
17432
17445
17447
17455
17460
17464
17474
17525
17525
17529
17575
17579
17603
17618
17618
17623
17627
17628
17632
17634
17698
17711
17714
17717
17722
17741
17748
17775
17806
17834
17838
17844
17848
17943
17973
17991
18025
18054
18059
18087
18092
18096
18131
18162
18172
18175
18192
18210
18214
18218
18238
18243
18255
18257
18281
18294
18296
18298
18301
18309
18328
18335
18349
18396
18401
18409
18410
18467
18467
18469
18491
18515
18519
18640
18671
18704
18704
18719
18725
18760
18839
18859
18869
18873
18894
18909
18967
19007
19017
19024
19030
19067
19132
19147
19157
19167
19221
19275
19312
19329
19334
19341
19354
19358
19368
19392
19406
19411
19423
19446
19458
19469
19532
19538
19550
19552
19653
19697
19711
19720
19776
19786
19787
19791
19795
19798
19806
19910
19921
19943
19950
19957
19988
20033
20052
20063
20067
20071
20089
20090
20139
20143
20219
20231
20239
20256
20275
20288
20321
20414
20499
20506
20507
20540
20554
20603
20617
20621
20631
20709
20719
20724
20743
20750
20763
20778
20783
20830
20848
20874
20894
20915
21027
21038
21041
21148
21180
21192
21376
21383
21462
21482
21486
21492
21505
21808
21830
21883
21960
21996
22009
22040
22180
22218
22244
22311
22346
22391
22458
22521
22546
22556
22583
22604
22619
22675
22705
22721
22722
22744
22801
22849
22893
22907
22944
22966
23008
23255
23263
23282
23299
23347
23368
23376
23461
23501
23588
23620
23633
23669
23713
23808
23814
23850
23878
23974
24002
24014
24025
24040
24043
24050
24053
24094
24171
24179
24229
24285
24332
24367
24389
24481
24483
24533
24557
24652
24658
24701
24713
24767
24770
24773
24829
24865
24875
25049
25216
25219
25239
25399
25613
25623
25701
25713
25782
25839
25840
25878
25947
25959
26036
26045
26257
26272
26323
26324
26330
26345
26368
26411
26460
26558
26582
26608
26613
26730
26898
26972
26987
27088
27123
27267
27453
27455
27487
27525
27540
27554
27639
27704
28183
28267
28348
28355
28388
28472
28545
28572
28632
28680
28706
28773
28865
28907
28963
28968
29016
29056
29174
29202
29347
29414
29463
29520
29546
29618
29675
29703
29815
29870
29916
29963
29996
29998
30005
30158
30353
30372
30418
30469
30485
30535
30638
30656
30745
30783
30828
30902
30942
30954
31333
31453
31463
31569
31583
31653
31724
31796
31962
32044
32173
32230
32800
32834
32862
32910
32939
33025
33228
33254
33507
33527
33536
33548
33715
33877
34131
34149
34346
34397
34631
34716
34794
34897
34972
35049
35242
35404
35594
35645
35662
35713
35783
36045
36115
36160
36187
36300
36323
36494
36585
36756
36879
36928
37256
37307
37392
37606
37980
37981
37997
38070
38288
38410
38464
38660
38754
38774
38944
39148
39524
39565
39641
39734
39770
39844
40477
40563
40689
40765
40899
40989
41075
41307
41496
41948
42039
42376
42383
42428
42551
42637
42726
42812
42936
43020
43601
43690
43850
44216
44573
44899
45519
45714
45733
45909
46303
46753
46783
47230
47333
47418
47434
47849
48095
48543
49155
49725
50277
50538
50629
52049
52516
53047
53434
56506
57675
58951
60126
63842
64404
65507
66047
66553
67037
67167
67806
68961
69421
69831
70436
73443
80707
82377
82404
86481
86696
93192
