
1
1
1
1
1
5
9
12
12
15
17
18
18
20
23
25
25
26
32
33
33
35
36
37
38
39
42
47
49
50
51
60
62
62
63
63
65
66
70
72
74
76
80
85
86
86
97
99
99
100
103
105
106
106
113
115
116
116
122
125
134
137
139
139
141
145
150
150
159
161
165
166
168
169
169
179
179
179
180
183
183
185
185
191
193
197
199
204
206
207
214
215
217
220
221
224
227
230
240
246
246
246
246
247
251
251
251
256
259
262
262
264
266
271
274
279
282
283
283
287
287
292
307
308
317
318
318
319
320
320
323
324
329
331
332
335
336
336
336
337
338
343
345
348
349
349
349
350
350
352
355
358
358
358
359
361
363
368
369
369
370
371
372
372
379
381
382
386
388
390
390
395
396
398
399
400
401
402
406
413
413
415
418
418
419
420
421
423
425
425
428
428
433
434
434
447
448
449
455
463
464
466
466
466
469
472
472
473
476
476
478
480
484
486
489
497
500
503
503
503
505
507
510
511
511
511
512
512
513
516
517
524
530
530
531
532
536
537
538
539
541
543
543
548
548
548
550
552
552
555
555
558
561
567
568
569
569
569
569
570
570
571
576
579
584
588
589
590
591
593
595
596
598
598
601
603
605
608
609
609
610
610
610
611
613
614
614
615
615
616
619
624
626
630
631
632
633
633
635
636
637
638
640
643
645
645
646
648
649
650
660
663
665
676
678
679
679
680
681
683
685
689
691
691
692
695
695
696
697
698
698
704
706
707
710
716
722
722
723
725
725
725
728
729
733
733
734
734
736
737
737
739
741
742
744
745
750
750
755
757
757
760
763
767
769
769
770
771
771
773
773
773
774
777
777
778
780
784
784
788
788
795
799
799
802
803
813
814
814
816
817
818
818
818
818
820
826
827
829
832
834
835
837
837
837
842
844
848
849
854
859
859
860
861
863
867
869
871
871
873
876
879
880
880
883
884
887
888
889
889
889
892
894
894
895
896
897
903
903
903
915
916
919
920
926
935
937
941
942
942
946
948
948
948
951
951
951
954
959
961
961
972
974
975
976
976
978
978
982
984
985
986
989
992
996
1000
1003
1004
1005
1005
1006
1007
1008
1009
1011
1011
1011
1013
1014
1014
1014
1015
1015
1016
1019
1022
1022
1023
1024
1025
1029
1029
1031
1031
1032
1033
1034
1035
1037
1039
1040
1042
1056
1057
1058
1061
1061
1065
1066
1066
1071
1071
1073
1074
1076
1076
1077
1081
1085
1087
1094
1100
1101
1102
1103
1105
1106
1111
1111
1112
1112
1114
1114
1116
1116
1117
1118
1119
1122
1125
1125
1125
1129
1131
1132
1135
1143
1143
1144
1144
1144
1145
1145
1148
1150
1152
1153
1154
1159
1162
1166
1166
1167
1167
1167
1171
1171
1182
1183
1185
1185
1187
1187
1188
1192
1206
1206
1207
1209
1211
1214
1214
1216
1217
1218
1226
1228
1228
1229
1232
1233
1235
1239
1243
1246
1253
1253
1255
1256
1258
1266
1267
1268
1271
1273
1275
1276
1276
1278
1282
1284
1287
1287
1290
1292
1292
1293
1295
1296
1300
1302
1308
1308
1309
1309
1313
1314
1314
1318
1319
1322
1322
1323
1324
1324
1329
1330
1330
1331
1331
1331
1336
1338
1341
1342
1343
1344
1345
1351
1355
1359
1360
1362
1371
1371
1372
1372
1373
1375
1375
1376
1376
1378
1380
1392
1393
1398
1398
1399
1400
1401
1404
1409
1412
1412
1418
1419
1422
1423
1423
1424
1426
1429
1439
1440
1443
1443
1444
1454
1455
1462
1465
1468
1470
1471
1475
1481
1481
1482
1486
1488
1489
1496
1498
1500
1504
1507
1511
1515
1515
1516
1516
1519
1523
1529
1537
1538
1541
1544
1546
1548
1556
1559
1559
1566
1567
1569
1571
1572
1573
1580
1581
1582
1582
1582
1586
1588
1589
1589
1594
1594
1594
1595
1606
1612
1613
1614
1617
1622
1622
1623
1632
1633
1634
1635
1637
1650
1658
1658
1659
1660
1661
1664
1669
1674
1675
1675
1676
1682
1684
1685
1687
1689
1694
1696
1697
1697
1704
1709
1715
1715
1716
1717
1719
1719
1723
1728
1729
1736
1738
1739
1743
1746
1751
1753
1756
1757
1757
1764
1764
1767
1768
1770
1770
1775
1781
1782
1783
1785
1787
1787
1790
1795
1806
1807
1808
1810
1811
1812
1813
1816
1822
1823
1823
1823
1823
1824
1824
1830
1837
1838
1841
1843
1846
1846
1847
1848
1851
1851
1853
1853
1854
1855
1864
1864
1867
1871
1872
1872
1880
1886
1888
1890
1895
1898
1899
1902
1911
1921
1922
1923
1924
1924
1925
1926
1928
1930
1930
1934
1935
1936
1939
1939
1939
1940
1942
1943
1945
1947
1949
1949
1951
1955
1961
1961
1965
1967
1969
1971
1972
1972
1974
1976
1983
1983
1983
1988
2006
2006
2010
2011
2012
2014
2014
2017
2020
2023
2030
2031
2032
2032
2033
2033
2037
2038
2040
2040
2040
2043
2044
2045
2047
2047
2049
2049
2050
2057
2059
2059
2063
2065
2066
2068
2070
2072
2072
2072
2077
2078
2079
2082
2082
2084
2088
2088
2091
2092
2096
2099
2100
2101
2103
2106
2112
2116
2116
2116
2116
2118
2118
2119
2120
2121
2123
2123
2125
2126
2126
2134
2136
2138
2139
2142
2148
2152
2153
2156
2157
2157
2159
2161
2162
2165
2170
2170
2173
2175
2176
2177
2178
2179
2183
2186
2189
2198
2209
2210
2212
2217
2219
2220
2221
2221
2222
2223
2224
2227
2231
2232
2233
2234
2234
2234
2235
2241
2243
2250
2257
2261
2262
2265
2267
2269
2270
2271
2280
2290
2300
2301
2301
2303
2303
2315
2316
2323
2323
2324
2327
2327
2330
2331
2336
2340
2340
2340
2341
2342
2342
2344
2344
2353
2361
2365
2378
2379
2381
2381
2383
2385
2389
2390
2391
2392
2392
2395
2397
2402
2413
2414
2421
2421
2421
2421
2424
2425
2426
2428
2428
2435
2438
2442
2448
2450
2453
2454
2457
2460
2462
2463
2464
2467
2471
2482
2485
2489
2492
2494
2495
2498
2500
2500
2503
2504
2506
2507
2508
2509
2511
2513
2514
2515
2515
2517
2518
2518
2521
2521
2522
2523
2525
2525
2526
2528
2529
2531
2532
2533
2535
2536
2538
2538
2539
2540
2546
2546
2548
2552
2552
2553
2557
2559
2560
2563
2564
2567
2568
2569
2577
2579
2585
2588
2589
2589
2591
2592
2600
2604
2604
2605
2605
2607
2607
2609
2609
2617
2624
2630
2630
2633
2637
2641
2643
2644
2644
2647
2648
2648
2649
2650
2653
2655
2660
2661
2668
2670
2671
2674
2680
2683
2689
2691
2695
2695
2698
2701
2702
2703
2703
2704
2706
2707
2710
2711
2714
2714
2718
2719
2728
2728
2729
2729
2732
2735
2735
2741
2758
2758
2759
2760
2762
2763
2778
2779
2779
2786
2788
2790
2792
2792
2797
2803
2806
2809
2809
2811
2812
2813
2815
2817
2818
2818
2819
2820
2820
2823
2825
2825
2825
2829
2831
2832
2833
2840
2841
2844
2848
2849
2852
2854
2854
2856
2860
2862
2870
2871
2877
2879
2880
2886
2889
2891
2892
2897
2897
2902
2903
2908
2910
2913
2918
2926
2926
2929
2937
2945
2947
2950
2954
2957
2957
2960
2960
2962
2963
2963
2969
2973
2973
2980
2981
2983
2984
2987
2990
2994
2994
2995
2995
2999
3007
3008
3008
3010
3016
3026
3029
3034
3038
3052
3055
3056
3057
3061
3062
3065
3070
3085
3086
3093
3097
3098
3100
3106
3112
3112
3122
3122
3124
3126
3128
3134
3139
3141
3144
3147
3148
3148
3152
3153
3158
3158
3158
3164
3164
3165
3165
3167
3172
3175
3176
3177
3184
3185
3185
3185
3185
3188
3188
3188
3190
3196
3197
3200
3203
3205
3212
3214
3220
3227
3234
3238
3238
3241
3243
3251
3253
3256
3261
3261
3265
3265
3268
3271
3275
3278
3284
3286
3287
3287
3292
3294
3294
3296
3298
3301
3301
3312
3314
3315
3318
3319
3320
3320
3323
3332
3336
3338
3348
3355
3359
3361
3373
3373
3376
3378
3383
3385
3387
3389
3392
3397
3401
3401
3404
3404
3404
3406
3406
3413
3417
3418
3418
3420
3420
3428
3429
3433
3436
3444
3447
3452
3452
3454
3461
3469
3473
3476
3479
3479
3483
3483
3489
3492
3496
3498
3502
3505
3506
3508
3509
3510
3511
3515
3522
3523
3523
3526
3529
3531
3531
3532
3532
3534
3537
3539
3541
3545
3553
3566
3570
3574
3577
3580
3586
3587
3588
3594
3607
3608
3610
3613
3614
3616
3618
3627
3627
3629
3633
3634
3634
3639
3643
3646
3647
3649
3650
3651
3655
3658
3658
3661
3664
3668
3670
3672
3673
3679
3680
3689
3690
3691
3693
3696
3697
3699
3701
3703
3705
3706
3708
3712
3715
3717
3723
3736
3741
3744
3745
3746
3747
3754
3761
3763
3783
3786
3792
3794
3795
3797
3808
3808
3823
3832
3832
3833
3834
3834
3835
3836
3839
3840
3841
3844
3854
3854
3855
3855
3856
3858
3861
3862
3868
3869
3873
3875
3876
3881
3886
3900
3903
3903
3910
3910
3911
3912
3917
3917
3921
3922
3941
3944
3949
3952
3952
3956
3963
3965
3975
3981
3982
3985
3986
3986
3995
3997
3998
4000
4001
4003
4006
4006
4008
4008
4014
4027
4028
4028
4031
4034
4038
4046
4049
4049
4055
4056
4061
4064
4072
4074
4075
4081
4084
4087
4095
4098
4103
4109
4111
4115
4116
4132
4133
4135
4137
4145
4153
4155
4158
4161
4161
4163
4164
4165
4168
4173
4174
4177
4181
4182
4186
4190
4195
4199
4199
4200
4203
4204
4205
4205
4206
4209
4210
4213
4214
4217
4217
4224
4226
4226
4226
4226
4229
4230
4235
4240
4246
4248
4252
4253
4254
4265
4266
4266
4268
4271
4272
4281
4283
4288
4289
4298
4300
4303
4303
4306
4307
4308
4308
4310
4311
4312
4313
4315
4318
4319
4320
4322
4324
4326
4340
4341
4359
4359
4359
4362
4364
4369
4371
4373
4375
4376
4376
4377
4378
4379
4381
4385
4385
4396
4398
4400
4409
4410
4413
4413
4413
4416
4416
4418
4423
4425
4425
4433
4435
4435
4437
4441
4447
4452
4453
4453
4457
4467
4469
4476
4483
4485
4489
4490
4491
4491
4504
4508
4508
4512
4517
4517
4518
4524
4540
4541
4544
4546
4555
4563
4564
4579
4580
4583
4586
4590
4600
4601
4603
4604
4605
4606
4610
4619
4621
4624
4624
4632
4633
4649
4649
4654
4668
4673
4678
4682
4683
4695
4695
4701
4702
4703
4705
4707
4708
4708
4710
4715
4721
4724
4724
4725
4727
4734
4738
4740
4742
4743
4748
4751
4754
4756
4767
4768
4769
4779
4782
4782
4783
4783
4786
4792
4805
4805
4807
4809
4809
4810
4811
4818
4823
4826
4830
4832
4841
4842
4848
4855
4858
4861
4864
4865
4867
4874
4880
4882
4883
4883
4913
4915
4921
4922
4923
4923
4926
4927
4939
4945
4946
4949
4951
4958
4961
4965
4972
4976
4978
4981
4990
4991
4992
4994
4997
4998
5001
5002
5002
5006
5008
5018
5018
5019
5023
5036
5037
5037
5042
5059
5059
5059
5060
5061
5067
5074
5075
5080
5080
5082
5085
5091
5093
5095
5097
5098
5100
5101
5104
5107
5117
5119
5125
5126
5131
5134
5135
5135
5139
5146
5148
5149
5151
5157
5157
5158
5162
5166
5166
5168
5168
5172
5173
5179
5197
5200
5201
5204
5215
5220
5222
5225
5225
5231
5235
5236
5238
5239
5240
5243
5249
5257
5260
5264
5265
5265
5266
5273
5279
5285
5290
5292
5296
5297
5299
5322
5322
5322
5325
5330
5339
5342
5345
5354
5355
5356
5356
5357
5357
5359
5361
5367
5373
5380
5381
5383
5384
5391
5393
5397
5398
5405
5405
5408
5409
5421
5422
5437
5445
5446
5453
5454
5455
5457
5462
5463
5470
5470
5472
5474
5479
5480
5480
5483
5485
5486
5493
5494
5496
5498
5503
5505
5505
5506
5512
5516
5518
5521
5525
5525
5530
5532
5539
5547
5552
5553
5557
5563
5572
5577
5589
5592
5607
5607
5627
5627
5636
5636
5638
5641
5642
5645
5651
5652
5653
5656
5658
5659
5663
5664
5670
5684
5688
5690
5692
5696
5700
5711
5721
5725
5731
5731
5733
5733
5735
5736
5742
5743
5746
5752
5757
5757
5761
5761
5765
5772
5775
5777
5790
5814
5815
5821
5827
5829
5831
5835
5861
5867
5868
5879
5885
5888
5892
5904
5907
5921
5923
5926
5951
5955
5958
5960
5960
5961
5979
5981
6002
6014
6020
6025
6034
6036
6045
6045
6048
6057
6077
6078
6078
6094
6096
6100
6103
6106
6119
6123
6125
6134
6135
6136
6137
6149
6150
6151
6152
6160
6167
6169
6171
6172
6179
6190
6212
6214
6217
6244
6263
6275
6286
6286
6289
6294
6299
6306
6320
6321
6321
6323
6326
6336
6339
6343
6344
6345
6348
6353
6353
6356
6356
6364
6373
6375
6376
6378
6379
6388
6392
6392
6398
6407
6430
6433
6444
6445
6451
6452
6458
6465
6472
6487
6493
6496
6507
6507
6507
6514
6514
6516
6547
6549
6553
6563
6565
6567
6587
6587
6592
6594
6595
6607
6609
6614
6615
6617
6619
6622
6623
6634
6640
6645
6652
6658
6659
6662
6664
6695
6695
6712
6715
6716
6748
6756
6758
6788
6789
6792
6801
6802
6815
6820
6823
6838
6859
6860
6869
6870
6880
6880
6884
6891
6892
6893
6898
6904
6918
6919
6921
6923
6950
6955
6958
6959
6960
6962
6970
6989
6992
7009
7010
7030
7035
7053
7068
7069
7072
7074
7076
7076
7079
7085
7093
7094
7097
7101
7102
7104
7116
7117
7135
7140
7146
7149
7150
7155
7170
7174
7190
7192
7193
7195
7197
7203
7213
7217
7219
7225
7231
7232
7236
7253
7260
7266
7280
7305
7307
7312
7319
7332
7339
7345
7348
7361
7380
7388
7393
7406
7419
7437
7448
7453
7459
7482
7483
7488
7490
7499
7507
7517
7522
7529
7532
7546
7571
7571
7580
7580
7582
7591
7615
7622
7624
7637
7642
7644
7661
7665
7668
7708
7716
7720
7720
7729
7737
7739
7746
7751
7751
7751
7756
7757
7757
7757
7759
7767
7777
7782
7787
7792
7812
7814
7822
7823
7825
7840
7845
7848
7874
7882
7892
7898
7913
7918
7920
7921
7922
7923
7938
7951
7999
8010
8013
8017
8031
8032
8042
8049
8054
8065
8067
8072
8073
8075
8078
8087
8092
8104
8111
8113
8118
8131
8153
8158
8160
8174
8190
8192
8194
8195
8199
8205
8208
8208
8215
8231
8245
8248
8249
8262
8269
8279
8292
8311
8312
8320
8331
8333
8337
8345
8356
8361
8366
8380
8400
8402
8428
8466
8472
8479
8479
8486
8503
8514
8516
8519
8527
8534
8543
8544
8546
8547
8562
8564
8575
8584
8587
8590
8592
8594
8616
8621
8625
8627
8634
8647
8651
8661
8663
8665
8681
8707
8712
8725
8729
8737
8738
8750
8758
8759
8760
8776
8776
8783
8813
8823
8831
8841
8847
8852
8853
8858
8872
8881
8889
8892
8895
8921
8931
8933
8933
8934
8943
8944
8964
8979
8986
8986
9001
9005
9014
9020
9034
9040
9044
9057
9070
9079
9083
9087
9105
9107
9108
9109
9119
9126
9126
9130
9130
9141
9143
9144
9146
9162
9186
9205
9222
9235
9239
9245
9254
9277
9277
9280
9284
9309
9315
9341
9348
9349
9359
9365
9366
9387
9387
9411
9421
9438
9440
9442
9448
9463
9475
9486
9488
9490
9504
9524
9548
9549
9559
9565
9575
9578
9587
9589
9613
9625
9629
9639
9661
9663
9664
9669
9672
9673
9694
9699
9712
9714
9745
9748
9750
9750
9752
9753
9765
9773
9786
9805
9812
9854
9861
9865
9876
9902
9904
9911
9913
9922
9939
9942
9966
9967
9970
9974
9975
9980
10007
10014
10029
10036
10060
10064
10066
10077
10092
10101
10109
10138
10138
10168
10178
10232
10238
10240
10251
10263
10287
10295
10300
10307
10316
10354
10366
10367
10372
10377
10380
10388
10391
10421
10423
10424
10431
10442
10443
10463
10464
10465
10496
10500
10509
10516
10525
10527
10550
10572
10582
10583
10598
10604
10606
10606
10612
10614
10615
10625
10626
10633
10648
10650
10680
10706
10707
10739
10742
10748
10749
10749
10751
10762
10765
10765
10813
10819
10822
10840
10850
10876
10901
10926
10942
10950
10954
10970
10975
10976
10985
10991
11036
11045
11053
11058
11075
11102
11106
11117
11118
11152
11159
11170
11211
11220
11272
11272
11283
11285
11333
11343
11355
11412
11420
11423
11429
11443
11469
11498
11547
11570
11572
11592
11614
11626
11637
11648
11653
11656
11670
11703
11723
11740
11810
11831
11848
11927
11954
11982
11984
11988
12023
12040
12051
12074
12074
12085
12094
12105
12116
12156
12174
12189
12249
12250
12252
12314
12317
12320
12360
12366
12426
12429
12447
12462
12509
12516
12538
12544
12550
12578
12582
12590
12595
12651
12701
12715
12759
12759
12775
12812
12854
12870
12906
12914
12935
12937
12958
12961
12971
12984
13021
13053
13077
13113
13116
13133
13144
13155
13160
13164
13190
13216
13240
13292
13294
13313
13359
13397
13416
13421
13437
13464
13471
13490
13533
13590
13610
13616
13646
13687
13762
13795
13827
13846
13864
13864
13867
13880
13895
13898
13901
13915
13962
14007
14014
14049
14077
14078
14086
14086
14088
14104
14130
14139
14181
14187
14189
14192
14201
14230
14259
14265
14275
14280
14310
14313
14313
14344
14355
14386
14401
14401
14440
14498
14501
14514
14514
14537
14575
14646
14676
14685
14690
14728
14741
14741
14744
14757
14776
14810
14833
14847
14848
14863
14873
14890
14901
14907
14918
14925
14950
15003
15031
15049
15070
15082
15083
15094
15120
15155
15164
15182
15241
15273
15299
15337
15350
15356
15360
15390
15487
15515
15534
15575
15600
15602
15632
15651
15690
15705
15719
15725
15750
15750
15758
15772
15807
15808
15832
15849
15863
15870
15872
15886
15895
15922
15923
15971
16088
16099
16116
16118
16131
16185
16217
16249
16317
16337
16413
16453
16470
16472
16476
16484
16492
16502
16539
16601
16603
16648
16649
16724
16725
16822
16875
16912
17001
17116
17137
17157
17199
17235
17296
17303
17405
17406
17408
17432
17445
17447
17455
17460
17525
17575
17579
17627
17634
17637
17711
17717
17722
17834
17837
17838
17991
18054
18080
18092
18096
18162
18192
18210
18214
18218
18243
18262
18281
18294
18309
18338
18358
18467
18481
18491
18515
18596
18671
18725
18760
18790
18859
18894
18909
19007
19024
19043
19067
19081
19132
19147
19167
19329
19334
19341
19358
19446
19457
19458
19538
19776
19791
19798
19866
19950
20020
20052
20063
20067
20106
20139
20219
20239
20275
20288
20321
20414
20425
20433
20554
20585
20603
20621
20631
20724
20739
20743
20799
20874
20894
20915
20917
21038
21112
21180
21192
21267
21376
21492
21816
22218
22235
22244
22556
22604
22744
23008
23129
23244
23255
23282
23299
23368
23633
23808
23850
23974
24014
24025
24043
24094
24171
24321
24652
24658
24701
24767
24929
25239
25579
25613
25753
25840
26193
26257
26272
26460
26684
26898
26947
26972
27228
27453
27525
27554
27639
28183
28348
28472
28572
28632
28680
28968
29016
29414
29546
29615
29870
29924
29996
30005
30158
30535
30745
30902
31453
31578
31583
31692
31724
31962
32173
32213
32910
33025
33254
33507
33527
33536
34131
34149
34346
34397
34716
34897
34972
35645
35783
37256
37307
37997
38464
38660
38754
38944
39148
39524
39641
40605
40765
41307
41496
41948
42376
42779
42812
43743
44573
44899
46303
46753
47230
47418
47849
48095
48543
50277
50629
52049
52516
53047
56506
60126
65507
66047
66553
67037
67167
67806
68961
69421
69831
70436
82377
82404
86481
