

1
1
1
1
1
1
1
2
2
2
4
5
5
5
6
7
8
10
11
12
12
13
13
14
15
15
16
21
22
23
24
25
26
28
28
29
29
31
31
33
36
37
38
38
38
40
42
42
43
43
43
44
44
46
48
48
49
50
50
50
51
51
51
51
54
55
57
58
61
61
62
62
64
70
70
71
71
74
75
76
76
76
78
78
82
83
85
85
85
86
87
88
88
89
90
92
93
94
95
95
96
98
99
99
102
103
103
103
103
104
105
106
107
108
109
111
113
113
116
116
117
118
118
119
119
119
121
121
122
125
125
126
127
127
127
129
130
130
131
131
134
135
138
139
140
141
142
143
144
145
145
145
146
146
147
149
150
151
153
154
155
157
159
162
165
165
169
169
170
171
171
172
175
176
176
177
179
180
180
181
184
185
187
187
188
190
192
194
195
196
198
200
201
201
202
203
203
204
205
207
207
209
209
209
210
210
211
212
213
216
216
219
223
223
224
224
224
228
229
230
230
235
236
237
237
238
239
241
241
241
243
245
248
249
251
251
252
255
256
256
257
257
257
261
262
262
263
263
267
267
271
271
271
271
272
276
277
278
279
279
285
288
288
289
289
289
291
292
293
293
293
296
296
297
303
304
306
306
311
311
313
313
313
314
314
315
316
317
317
319
321
321
323
324
327
328
328
329
330
334
335
335
337
339
340
341
342
344
344
344
346
346
346
346
346
346
347
349
349
353
358
358
360
361
361
362
362
362
363
363
366
368
371
372
372
374
374
374
376
377
382
385
385
387
388
388
389
390
391
392
392
392
395
396
398
398
399
399
401
401
402
403
404
405
406
407
408
409
410
412
414
414
415
416
417
417
418
418
419
421
421
421
422
422
423
424
424
426
427
428
428
428
429
429
430
430
430
430
431
434
435
439
439
440
443
444
445
445
446
446
446
446
448
452
461
462
462
463
464
465
466
466
467
467
474
474
476
476
477
477
477
477
478
478
481
481
482
482
482
484
486
487
487
491
491
492
494
495
496
498
499
499
502
502
504
505
505
508
510
511
511
511
512
513
514
514
515
517
517
517
518
518
523
523
524
524
524
525
525
526
527
528
530
531
532
534
535
535
535
535
536
537
538
538
539
539
539
539
539
540
540
540
542
542
543
544
545
545
545
546
547
548
548
550
550
552
553
556
556
557
557
557
558
558
559
559
559
559
559
561
561
564
565
566
568
568
569
571
572
572
572
573
574
574
574
575
577
577
577
578
579
580
582
584
585
585
588
589
590
590
590
590
591
592
593
593
596
596
596
598
600
603
606
606
607
607
609
611
612
612
612
613
614
614
615
615
615
615
617
619
619
619
619
620
620
621
623
624
628
628
630
630
630
630
632
633
635
636
637
637
639
640
641
643
643
645
645
648
649
651
651
651
654
656
656
658
659
660
660
661
661
662
663
663
665
665
665
666
668
673
673
674
675
675
676
677
678
678
681
682
683
684
684
685
685
690
693
694
694
695
695
695
695
696
697
698
699
700
701
701
701
702
702
703
703
709
710
710
711
712
713
714
714
715
715
715
716
716
718
720
723
724
724
724
725
726
726
727
730
730
732
733
734
735
736
738
738
739
740
740
741
742
742
743
743
743
746
746
748
749
750
750
751
755
756
756
757
760
760
762
762
763
768
769
770
773
773
774
774
775
776
777
777
779
783
785
786
786
786
787
788
788
788
790
793
793
794
798
801
803
803
803
804
805
809
810
811
812
814
814
816
816
817
818
819
819
819
820
821
822
823
823
824
825
825
826
826
827
831
833
833
834
835
835
835
835
835
839
840
841
842
842
845
846
846
848
848
849
849
851
852
852
855
856
857
857
857
858
863
864
867
868
870
871
871
873
876
877
883
884
886
886
887
887
888
888
889
889
890
890
890
891
891
892
892
893
893
895
897
897
898
899
899
901
903
904
906
906
908
909
910
911
911
912
912
914
916
918
919
920
921
921
924
924
925
925
925
925
926
927
927
927
927
928
929
932
932
934
934
934
934
935
937
937
938
938
941
942
943
945
947
947
948
950
950
951
953
953
955
955
956
959
960
961
961
963
966
967
968
969
969
970
970
970
970
973
973
974
976
976
978
980
981
981
982
986
987
988
988
990
992
992
993
994
995
995
995
995
996
996
997
999
1000
1000
1000
1001
1001
1003
1005
1005
1006
1007
1008
1010
1013
1014
1014
1016
1018
1018
1020
1020
1021
1021
1022
1022
1023
1024
1024
1026
1028
1029
1030
1032
1032
1033
1034
1034
1035
1035
1037
1037
1038
1038
1039
1039
1039
1040
1042
1044
1045
1045
1046
1047
1048
1049
1051
1054
1054
1054
1056
1058
1059
1059
1059
1060
1060
1062
1063
1063
1064
1065
1065
1065
1066
1067
1071
1075
1076
1076
1077
1077
1079
1079
1080
1080
1084
1085
1087
1088
1089
1090
1090
1090
1091
1091
1092
1092
1093
1094
1094
1095
1095
1095
1096
1097
1097
1098
1100
1101
1101
1101
1102
1102
1103
1103
1104
1104
1105
1106
1106
1106
1107
1108
1108
1109
1110
1112
1113
1114
1115
1116
1116
1117
1117
1117
1119
1119
1119
1119
1120
1121
1121
1122
1124
1124
1125
1126
1127
1127
1128
1129
1129
1132
1132
1133
1134
1135
1135
1136
1136
1136
1137
1138
1140
1142
1142
1142
1143
1144
1144
1145
1149
1149
1150
1151
1151
1152
1152
1152
1153
1154
1154
1156
1157
1157
1157
1159
1159
1159
1160
1162
1163
1164
1168
1170
1171
1173
1175
1177
1180
1181
1182
1182
1183
1183
1184
1184
1188
1188
1191
1192
1192
1197
1197
1200
1200
1200
1203
1203
1203
1204
1207
1207
1208
1209
1210
1210
1212
1213
1214
1216
1216
1217
1217
1220
1220
1220
1221
1221
1223
1223
1224
1224
1226
1226
1226
1227
1228
1229
1230
1231
1231
1234
1235
1235
1235
1236
1238
1238
1239
1239
1241
1242
1242
1243
1244
1244
1246
1248
1249
1249
1249
1250
1250
1250
1250
1250
1252
1253
1255
1255
1257
1258
1258
1259
1261
1261
1262
1263
1263
1266
1267
1270
1270
1271
1273
1275
1275
1276
1276
1279
1281
1283
1284
1284
1285
1285
1286
1288
1289
1294
1295
1298
1299
1302
1302
1303
1304
1306
1308
1310
1311
1312
1315
1317
1317
1319
1319
1320
1321
1323
1323
1324
1325
1325
1327
1327
1328
1329
1329
1330
1331
1332
1333
1335
1338
1340
1340
1341
1351
1352
1353
1353
1355
1356
1357
1358
1359
1359
1359
1360
1360
1361
1361
1362
1362
1363
1364
1365
1370
1370
1372
1372
1373
1375
1378
1378
1379
1379
1379
1380
1380
1384
1388
1389
1391
1392
1392
1394
1394
1395
1398
1398
1399
1401
1402
1403
1404
1407
1407
1407
1407
1408
1408
1408
1410
1410
1411
1411
1412
1412
1413
1413
1415
1417
1417
1419
1422
1423
1424
1426
1427
1427
1431
1432
1433
1436
1437
1439
1439
1441
1443
1446
1447
1449
1451
1451
1452
1454
1455
1456
1456
1458
1460
1461
1461
1464
1465
1470
1471
1471
1471
1476
1476
1479
1482
1484
1485
1485
1487
1487
1490
1491
1492
1493
1495
1496
1499
1501
1501
1501
1502
1502
1502
1503
1504
1505
1505
1505
1505
1506
1507
1508
1508
1511
1513
1513
1516
1518
1518
1520
1521
1522
1524
1524
1525
1527
1528
1528
1528
1529
1529
1530
1531
1533
1534
1536
1536
1538
1540
1542
1543
1546
1547
1548
1551
1551
1552
1552
1554
1555
1556
1558
1559
1560
1561
1561
1562
1563
1565
1566
1570
1570
1571
1571
1572
1574
1578
1578
1578
1579
1581
1582
1585
1585
1586
1588
1588
1591
1591
1593
1593
1594
1594
1596
1597
1597
1599
1600
1600
1602
1603
1604
1605
1605
1607
1607
1608
1608
1609
1609
1611
1611
1611
1614
1614
1615
1615
1615
1617
1617
1617
1618
1618
1619
1622
1624
1625
1626
1626
1627
1628
1628
1629
1629
1631
1634
1635
1637
1637
1638
1638
1639
1642
1642
1643
1645
1645
1646
1647
1647
1650
1651
1652
1652
1652
1653
1653
1654
1654
1655
1655
1657
1659
1661
1662
1663
1665
1666
1667
1667
1671
1671
1672
1672
1674
1679
1679
1679
1679
1680
1681
1681
1681
1682
1682
1683
1684
1684
1685
1685
1686
1687
1687
1687
1689
1691
1694
1694
1694
1695
1696
1696
1696
1697
1698
1698
1699
1700
1702
1703
1703
1704
1704
1705
1706
1706
1707
1707
1708
1711
1712
1713
1713
1713
1714
1714
1716
1717
1718
1719
1719
1721
1725
1726
1730
1730
1730
1731
1734
1736
1738
1739
1742
1743
1745
1747
1751
1753
1756
1757
1758
1760
1762
1763
1763
1763
1764
1764
1766
1767
1767
1767
1771
1771
1773
1774
1777
1777
1778
1778
1779
1780
1780
1780
1780
1784
1784
1787
1788
1788
1789
1789
1789
1791
1792
1793
1794
1794
1795
1795
1795
1796
1797
1797
1798
1798
1798
1799
1802
1802
1803
1804
1804
1809
1809
1811
1811
1813
1813
1816
1816
1818
1818
1819
1820
1820
1823
1823
1823
1823
1823
1824
1826
1827
1829
1829
1834
1837
1838
1840
1840
1846
1846
1847
1848
1848
1849
1852
1853
1854
1856
1858
1860
1861
1862
1863
1864
1865
1865
1866
1866
1866
1867
1868
1870
1871
1872
1872
1874
1875
1875
1876
1877
1877
1878
1878
1879
1881
1881
1884
1885
1887
1888
1889
1889
1891
1892
1894
1895
1895
1895
1895
1897
1897
1897
1897
1898
1900
1902
1902
1903
1903
1903
1904
1905
1905
1907
1910
1911
1911
1912
1913
1914
1915
1915
1921
1924
1924
1928
1928
1931
1931
1932
1932
1934
1934
1938
1938
1939
1939
1939
1941
1942
1945
1947
1947
1948
1948
1948
1949
1954
1955
1956
1956
1956
1957
1957
1957
1960
1962
1963
1964
1964
1964
1965
1965
1969
1970
1970
1972
1974
1976
1977
1979
1979
1980
1981
1983
1984
1985
1985
1987
1990
1991
1992
1992
1993
1993
1995
1995
1996
1996
1997
1997
1999
2001
2001
2006
2007
2007
2008
2008
2009
2011
2011
2012
2013
2015
2015
2016
2016
2018
2019
2021
2021
2024
2024
2026
2028
2031
2031
2033
2037
2037
2039
2042
2042
2044
2044
2045
2049
2052
2052
2053
2056
2057
2058
2059
2061
2065
2065
2065
2067
2068
2069
2071
2077
2078
2080
2081
2081
2082
2082
2084
2088
2089
2090
2090
2093
2094
2095
2095
2095
2100
2101
2101
2101
2102
2102
2104
2105
2105
2105
2106
2107
2108
2111
2111
2111
2112
2113
2114
2115
2117
2119
2119
2121
2122
2124
2125
2125
2126
2126
2127
2129
2130
2132
2134
2134
2135
2136
2138
2138
2139
2139
2139
2139
2140
2140
2143
2146
2148
2152
2155
2156
2158
2161
2162
2162
2163
2166
2167
2168
2169
2169
2172
2173
2173
2174
2175
2175
2179
2183
2185
2188
2188
2188
2190
2191
2192
2192
2193
2195
2197
2199
2205
2207
2208
2208
2211
2211
2214
2216
2217
2220
2220
2221
2223
2223
2225
2227
2227
2228
2229
2229
2230
2233
2233
2234
2235
2235
2236
2237
2239
2239
2240
2242
2242
2242
2244
2244
2246
2247
2247
2247
2248
2251
2252
2253
2254
2255
2261
2262
2262
2269
2271
2271
2272
2273
2276
2276
2276
2277
2277
2278
2279
2280
2280
2282
2283
2284
2286
2286
2288
2291
2293
2293
2294
2295
2295
2296
2296
2298
2301
2301
2306
2307
2307
2309
2310
2311
2311
2312
2312
2314
2314
2314
2316
2316
2317
2318
2319
2321
2323
2324
2327
2328
2328
2331
2331
2334
2334
2335
2335
2337
2338
2338
2339
2339
2341
2342
2343
2343
2347
2347
2347
2349
2349
2350
2352
2352
2355
2357
2362
2369
2370
2371
2371
2371
2372
2373
2373
2373
2374
2374
2376
2376
2377
2378
2378
2382
2382
2383
2383
2384
2386
2387
2388
2388
2388
2389
2393
2394
2395
2395
2396
2396
2396
2399
2400
2402
2403
2403
2406
2408
2408
2409
2409
2410
2412
2413
2415
2415
2415
2416
2417
2417
2418
2418
2418
2419
2420
2420
2421
2421
2425
2425
2425
2427
2428
2433
2434
2435
2435
2436
2438
2438
2438
2439
2439
2439
2440
2440
2441
2442
2444
2444
2446
2446
2448
2448
2451
2452
2453
2453
2455
2456
2460
2460
2464
2468
2469
2470
2471
2471
2472
2472
2472
2473
2477
2478
2479
2481
2483
2485
2485
2485
2487
2489
2490
2490
2491
2492
2492
2494
2495
2496
2498
2499
2501
2503
2503
2506
2508
2509
2513
2515
2516
2518
2519
2519
2520
2520
2522
2525
2525
2529
2531
2533
2533
2534
2534
2534
2534
2538
2540
2540
2542
2546
2546
2546
2547
2549
2549
2550
2551
2555
2555
2556
2556
2557
2557
2558
2559
2560
2561
2564
2564
2568
2568
2568
2568
2569
2569
2572
2573
2573
2573
2574
2575
2577
2579
2581
2583
2584
2584
2585
2588
2589
2590
2593
2596
2597
2597
2597
2598
2599
2599
2601
2601
2603
2604
2605
2606
2606
2608
2608
2608
2609
2610
2611
2611
2612
2613
2614
2614
2616
2618
2619
2620
2621
2623
2623
2624
2626
2628
2628
2628
2630
2630
2634
2636
2639
2641
2645
2648
2648
2648
2649
2649
2649
2650
2650
2651
2651
2651
2652
2653
2655
2656
2657
2657
2660
2661
2661
2661
2662
2666
2667
2671
2671
2673
2674
2675
2677
2679
2681
2681
2683
2684
2684
2684
2686
2687
2688
2688
2689
2689
2690
2690
2691
2692
2694
2695
2696
2696
2697
2697
2699
2699
2701
2701
2702
2702
2703
2704
2705
2705
2707
2707
2709
2710
2714
2715
2716
2716
2718
2719
2721
2722
2726
2729
2731
2732
2732
2732
2733
2735
2737
2737
2737
2743
2743
2744
2746
2748
2753
2755
2755
2755
2755
2755
2759
2759
2760
2761
2762
2766
2768
2777
2783
2783
2783
2786
2786
2788
2788
2788
2791
2791
2792
2793
2795
2796
2797
2797
2797
2800
2800
2802
2803
2804
2805
2807
2811
2812
2814
2815
2816
2816
2821
2821
2822
2823
2825
2826
2827
2827
2828
2828
2829
2831
2831
2835
2836
2837
2839
2840
2842
2843
2844
2844
2846
2847
2847
2849
2852
2852
2855
2857
2858
2859
2859
2860
2861
2866
2867
2868
2868
2868
2869
2871
2871
2874
2875
2876
2881
2881
2881
2881
2882
2883
2883
2884
2884
2885
2885
2887
2887
2887
2888
2889
2889
2890
2892
2892
2892
2892
2893
2895
2897
2898
2898
2902
2903
2904
2904
2905
2906
2908
2908
2908
2909
2909
2911
2913
2913
2914
2915
2915
2915
2915
2916
2917
2917
2918
2919
2920
2920
2922
2922
2924
2925
2925
2925
2925
2927
2927
2928
2930
2930
2931
2931
2931
2932
2933
2934
2935
2935
2936
2936
2937
2939
2942
2945
2945
2947
2949
2950
2950
2951
2953
2955
2956
2956
2958
2959
2960
2960
2962
2962
2963
2964
2964
2964
2966
2967
2969
2971
2975
2975
2976
2976
2976
2977
2979
2980
2980
2981
2982
2983
2985
2986
2987
2988
2989
2989
2994
2994
2995
2995
2996
2996
2997
3001
3004
3006
3008
3010
3012
3012
3012
3013
3014
3016
3019
3021
3021
3022
3022
3023
3023
3023
3023
3023
3023
3024
3028
3031
3031
3033
3034
3034
3034
3034
3035
3038
3039
3040
3040
3041
3042
3042
3043
3043
3044
3046
3046
3046
3046
3047
3048
3049
3049
3051
3053
3054
3055
3055
3057
3058
3059
3059
3060
3065
3065
3065
3066
3067
3068
3068
3070
3071
3072
3075
3076
3076
3079
3079
3080
3080
3087
3088
3088
3090
3091
3092
3093
3093
3094
3094
3095
3097
3098
3099
3099
3102
3103
3105
3106
3107
3110
3110
3110
3114
3115
3122
3122
3123
3124
3125
3128
3128
3132
3133
3134
3134
3135
3136
3137
3137
3140
3140
3141
3142
3142
3146
3147
3149
3151
3154
3156
3156
3157
3160
3161
3161
3162
3163
3164
3165
3166
3167
3169
3169
3170
3170
3171
3175
3175
3177
3180
3181
3181
3181
3181
3181
3186
3187
3189
3189
3195
3195
3197
3198
3201
3204
3206
3206
3206
3206
3206
3207
3209
3210
3213
3214
3214
3215
3221
3226
3226
3226
3228
3229
3229
3231
3232
3233
3233
3235
3235
3236
3242
3243
3243
3243
3245
3246
3247
3251
3251
3252
3253
3253
3256
3256
3257
3259
3260
3262
3262
3263
3264
3266
3270
3271
3273
3281
3281
3284
3285
3287
3288
3288
3289
3289
3289
3290
3293
3294
3294
3299
3299
3299
3301
3302
3302
3304
3307
3307
3307
3307
3309
3309
3310
3310
3312
3312
3314
3317
3317
3318
3320
3321
3322
3327
3327
3329
3331
3332
3332
3332
3333
3334
3335
3335
3336
3336
3336
3338
3339
3340
3341
3343
3347
3348
3350
3351
3352
3352
3353
3353
3354
3354
3354
3355
3356
3356
3357
3362
3362
3362
3363
3364
3366
3371
3372
3373
3374
3380
3383
3390
3393
3393
3395
3396
3397
3400
3403
3404
3406
3408
3413
3413
3417
3418
3419
3421
3422
3423
3423
3424
3425
3427
3430
3430
3432
3433
3434
3435
3436
3436
3436
3438
3447
3447
3447
3448
3448
3450
3455
3457
3458
3458
3458
3464
3465
3467
3469
3472
3472
3475
3476
3477
3477
3478
3480
3480
3481
3483
3488
3488
3489
3491
3492
3492
3492
3494
3495
3496
3497
3499
3500
3500
3501
3501
3503
3504
3505
3506
3506
3506
3506
3508
3509
3509
3511
3511
3511
3512
3514
3516
3516
3516
3517
3517
3517
3517
3518
3519
3521
3521
3522
3522
3522
3524
3526
3528
3532
3534
3535
3535
3536
3540
3541
3542
3542
3542
3545
3547
3552
3552
3554
3555
3558
3558
3558
3559
3559
3563
3563
3564
3569
3572
3574
3574
3575
3580
3582
3584
3586
3587
3587
3590
3590
3590
3591
3592
3594
3600
3601
3603
3605
3606
3607
3607
3609
3609
3610
3610
3611
3613
3614
3615
3616
3616
3617
3618
3619
3619
3621
3627
3627
3631
3631
3632
3633
3634
3635
3640
3642
3643
3644
3645
3645
3647
3648
3650
3651
3652
3653
3655
3658
3660
3661
3661
3662
3663
3663
3666
3667
3678
3682
3683
3685
3685
3686
3686
3689
3692
3694
3697
3699
3699
3700
3700
3701
3702
3703
3703
3705
3705
3706
3710
3711
3715
3716
3716
3716
3719
3719
3720
3720
3724
3728
3728
3728
3729
3729
3732
3732
3732
3732
3733
3734
3735
3735
3740
3741
3741
3741
3743
3744
3744
3746
3748
3749
3750
3750
3751
3752
3754
3755
3757
3757
3758
3758
3759
3761
3761
3761
3764
3765
3766
3768
3769
3771
3771
3771
3772
3775
3782
3783
3784
3784
3784
3785
3785
3786
3789
3792
3793
3794
3796
3797
3797
3798
3800
3801
3801
3802
3803
3804
3805
3805
3807
3809
3810
3811
3811
3812
3814
3815
3816
3819
3819
3819
3820
3822
3823
3826
3826
3827
3828
3832
3836
3837
3839
3839
3840
3842
3844
3844
3845
3845
3845
3847
3849
3849
3850
3851
3851
3852
3853
3855
3857
3859
3860
3861
3865
3868
3875
3878
3879
3881
3882
3882
3882
3884
3884
3884
3885
3888
3889
3891
3894
3894
3898
3898
3899
3899
3901
3905
3906
3907
3907
3907
3909
3910
3910
3911
3911
3911
3913
3914
3916
3917
3918
3918
3918
3920
3923
3924
3927
3933
3936
3936
3940
3941
3942
3942
3944
3944
3945
3947
3947
3947
3951
3952
3954
3956
3956
3958
3958
3959
3959
3959
3960
3961
3961
3962
3969
3969
3971
3971
3973
3978
3981
3981
3983
3985
3985
3987
3988
3988
3989
3991
3995
3995
3998
3999
4007
4009
4010
4011
4011
4013
4015
4017
4020
4023
4024
4024
4025
4027
4027
4028
4028
4028
4029
4030
4030
4032
4033
4034
4034
4035
4036
4036
4037
4037
4038
4039
4039
4043
4043
4043
4045
4046
4048
4051
4051
4051
4051
4053
4057
4058
4058
4058
4060
4060
4061
4061
4061
4061
4064
4066
4067
4070
4070
4073
4073
4074
4075
4076
4077
4078
4079
4080
4080
4080
4081
4081
4081
4081
4081
4082
4082
4082
4084
4085
4085
4085
4086
4087
4088
4089
4090
4092
4092
4095
4095
4096
4097
4100
4101
4104
4104
4106
4108
4108
4110
4112
4113
4113
4114
4114
4116
4118
4123
4126
4129
4129
4132
4133
4134
4135
4137
4137
4138
4139
4141
4143
4143
4144
4144
4145
4146
4146
4152
4152
4153
4153
4153
4154
4157
4157
4158
4159
4159
4160
4162
4162
4163
4166
4166
4169
4169
4171
4173
4174
4174
4175
4178
4181
4182
4184
4185
4186
4187
4187
4188
4190
4191
4194
4195
4196
4197
4198
4198
4200
4205
4206
4207
4208
4208
4209
4212
4212
4213
4213
4213
4215
4216
4218
4219
4220
4221
4222
4223
4224
4224
4225
4225
4227
4236
4237
4237
4238
4239
4241
4242
4245
4246
4247
4248
4248
4249
4249
4251
4251
4252
4253
4253
4253
4254
4256
4257
4259
4265
4266
4266
4268
4270
4272
4273
4274
4274
4276
4280
4280
4282
4283
4285
4287
4287
4287
4288
4290
4291
4292
4293
4294
4295
4296
4296
4296
4296
4297
4299
4300
4300
4300
4300
4302
4305
4305
4310
4317
4317
4318
4323
4325
4325
4326
4331
4332
4332
4336
4336
4340
4340
4343
4343
4344
4346
4347
4349
4351
4351
4351
4351
4353
4353
4356
4356
4360
4363
4363
4364
4364
4366
4369
4371
4372
4373
4373
4374
4374
4376
4377
4379
4381
4382
4383
4385
4385
4387
4387
4389
4389
4391
4391
4392
4394
4395
4396
4400
4402
4403
4407
4410
4410
4411
4412
4412
4413
4414
4416
4419
4420
4422
4422
4423
4423
4424
4427
4427
4427
4428
4430
4430
4431
4431
4435
4435
4436
4437
4437
4437
4437
4440
4440
4444
4447
4448
4448
4448
4451
4453
4455
4456
4459
4461
4462
4463
4463
4464
4464
4464
4468
4468
4468
4468
4469
4469
4470
4471
4471
4473
4475
4475
4476
4478
4483
4483
4484
4484
4487
4489
4492
4494
4494
4494
4499
4501
4504
4510
4512
4513
4513
4514
4516
4516
4522
4525
4526
4528
4529
4531
4533
4534
4538
4538
4539
4539
4539
4543
4548
4549
4550
4552
4553
4554
4555
4558
4559
4560
4560
4561
4563
4565
4565
4568
4569
4569
4569
4571
4573
4573
4573
4574
4575
4577
4578
4582
4583
4589
4591
4591
4592
4592
4593
4594
4594
4595
4596
4596
4597
4598
4598
4600
4601
4607
4608
4609
4609
4609
4610
4612
4613
4614
4615
4616
4618
4619
4622
4622
4623
4629
4633
4634
4636
4639
4639
4641
4642
4644
4647
4648
4650
4655
4657
4657
4658
4660
4663
4664
4665
4665
4665
4665
4665
4667
4667
4668
4669
4671
4671
4671
4672
4672
4672
4673
4673
4674
4678
4679
4680
4680
4683
4684
4687
4688
4688
4688
4690
4693
4693
4693
4694
4696
4697
4698
4701
4702
4703
4703
4704
4704
4706
4707
4708
4709
4714
4714
4716
4719
4719
4720
4722
4725
4726
4730
4732
4733
4733
4734
4736
4738
4742
4742
4743
4743
4746
4747
4749
4749
4751
4755
4755
4756
4761
4764
4771
4771
4773
4773
4774
4774
4775
4777
4778
4779
4780
4780
4781
4782
4783
4783
4786
4787
4789
4789
4791
4791
4792
4795
4795
4796
4796
4798
4798
4798
4801
4802
4802
4806
4806
4806
4807
4809
4809
4810
4811
4812
4814
4815
4817
4819
4819
4820
4821
4821
4825
4826
4826
4829
4832
4833
4839
4841
4841
4842
4843
4844
4846
4849
4853
4856
4858
4860
4862
4863
4864
4865
4868
4868
4871
4871
4874
4874
4877
4880
4880
4880
4882
4883
4884
4886
4886
4887
4887
4889
4889
4893
4896
4897
4899
4901
4902
4902
4904
4904
4908
4908
4908
4913
4914
4917
4920
4921
4922
4923
4923
4925
4925
4929
4930
4938
4938
4942
4943
4945
4947
4948
4948
4948
4950
4955
4955
4956
4960
4960
4962
4963
4963
4964
4968
4969
4973
4976
4976
4978
4978
4978
4979
4981
4981
4982
4984
4984
4984
4985
4987
4988
4994
4995
4999
5000
5000
5005
5007
5007
5008
5009
5011
5012
5016
5017
5018
5018
5019
5020
5021
5025
5025
5026
5028
5029
5029
5030
5031
5033
5033
5034
5037
5037
5038
5039
5042
5048
5050
5051
5052
5053
5056
5056
5056
5057
5058
5058
5060
5062
5064
5064
5068
5068
5069
5071
5073
5073
5074
5074
5077
5079
5080
5081
5082
5083
5083
5084
5084
5085
5085
5087
5090
5092
5093
5095
5095
5099
5101
5101
5102
5104
5104
5104
5104
5106
5108
5109
5111
5111
5113
5114
5114
5115
5115
5115
5117
5120
5125
5127
5128
5129
5131
5131
5133
5134
5135
5136
5137
5138
5139
5139
5141
5142
5142
5143
5145
5146
5146
5149
5151
5153
5155
5156
5157
5158
5158
5160
5160
5163
5164
5164
5168
5168
5173
5174
5175
5177
5178
5179
5181
5181
5182
5185
5186
5188
5190
5193
5193
5194
5194
5196
5199
5199
5199
5200
5203
5203
5204
5204
5205
5207
5209
5209
5210
5213
5214
5216
5217
5217
5220
5221
5222
5223
5224
5224
5227
5232
5236
5237
5238
5239
5240
5243
5244
5250
5251
5252
5253
5258
5259
5260
5260
5261
5264
5265
5266
5266
5269
5271
5272
5275
5279
5280
5281
5283
5284
5284
5284
5285
5287
5287
5288
5290
5290
5292
5293
5294
5301
5302
5303
5304
5306
5307
5308
5311
5314
5315
5316
5317
5320
5320
5320
5323
5326
5327
5328
5332
5332
5332
5333
5335
5337
5338
5342
5345
5346
5348
5350
5350
5350
5359
5361
5362
5363
5366
5368
5368
5370
5370
5371
5374
5374
5375
5375
5376
5379
5379
5381
5383
5384
5387
5389
5391
5395
5398
5398
5401
5402
5403
5405
5405
5408
5408
5411
5412
5414
5415
5417
5421
5422
5423
5426
5426
5426
5429
5434
5434
5436
5438
5438
5438
5438
5440
5445
5447
5448
5448
5448
5453
5453
5454
5455
5456
5460
5460
5463
5463
5466
5468
5468
5469
5470
5470
5474
5474
5475
5478
5478
5481
5482
5485
5485
5486
5487
5488
5491
5491
5495
5496
5496
5499
5501
5507
5509
5514
5515
5515
5516
5518
5519
5520
5520
5520
5520
5521
5522
5523
5525
5525
5528
5529
5529
5530
5531
5534
5537
5538
5538
5539
5543
5544
5544
5545
5547
5547
5548
5549
5549
5550
5550
5552
5553
5554
5556
5558
5558
5558
5561
5562
5563
5564
5564
5565
5566
5576
5578
5580
5582
5585
5586
5586
5586
5590
5596
5607
5607
5612
5612
5615
5615
5618
5620
5621
5622
5623
5624
5624
5631
5634
5635
5638
5639
5641
5647
5652
5653
5654
5655
5657
5658
5658
5658
5662
5662
5662
5666
5670
5671
5671
5673
5676
5677
5681
5683
5686
5688
5691
5693
5695
5698
5698
5699
5709
5710
5711
5712
5713
5714
5717
5719
5720
5720
5724
5725
5730
5733
5735
5736
5739
5740
5742
5742
5743
5744
5746
5748
5750
5751
5751
5755
5755
5758
5760
5761
5763
5765
5767
5768
5772
5775
5776
5780
5781
5781
5782
5782
5782
5783
5783
5784
5786
5786
5787
5787
5789
5790
5793
5794
5799
5799
5799
5803
5805
5807
5807
5808
5810
5811
5812
5812
5815
5815
5816
5817
5817
5822
5823
5825
5826
5828
5829
5834
5836
5837
5838
5838
5839
5839
5850
5855
5856
5857
5858
5858
5861
5867
5867
5867
5869
5869
5874
5877
5880
5884
5886
5888
5890
5894
5894
5895
5896
5898
5902
5906
5906
5913
5913
5916
5917
5917
5917
5918
5921
5921
5921
5922
5923
5923
5927
5927
5929
5929
5932
5933
5936
5937
5937
5937
5938
5938
5940
5948
5948
5951
5952
5954
5954
5957
5960
5964
5964
5965
5970
5973
5975
5975
5976
5976
5977
5977
5980
5981
5981
5982
5982
5982
5984
5987
5989
5996
5996
5997
5999
6001
6003
6004
6008
6010
6014
6014
6015
6017
6018
6019
6020
6020
6025
6026
6028
6029
6029
6030
6032
6036
6042
6043
6044
6045
6047
6049
6051
6052
6054
6055
6056
6056
6057
6058
6059
6060
6060
6062
6065
6066
6067
6068
6068
6070
6071
6074
6077
6080
6082
6083
6086
6091
6095
6097
6097
6101
6103
6107
6108
6109
6111
6112
6115
6117
6121
6124
6125
6125
6127
6128
6129
6132
6132
6133
6134
6135
6136
6136
6136
6136
6138
6139
6141
6146
6157
6157
6158
6159
6161
6162
6168
6171
6172
6173
6175
6176
6180
6187
6188
6191
6191
6192
6197
6198
6200
6201
6202
6203
6205
6211
6212
6212
6219
6220
6222
6223
6226
6227
6231
6233
6234
6246
6246
6248
6248
6249
6251
6252
6256
6257
6257
6257
6259
6259
6262
6262
6264
6265
6266
6269
6271
6274
6275
6276
6280
6281
6283
6292
6292
6294
6296
6298
6298
6300
6304
6306
6307
6307
6308
6309
6309
6311
6314
6314
6314
6317
6317
6317
6321
6323
6324
6326
6327
6328
6330
6330
6331
6338
6339
6339
6340
6347
6349
6350
6351
6353
6356
6356
6358
6361
6362
6362
6368
6369
6369
6371
6371
6374
6374
6378
6379
6381
6381
6382
6383
6386
6392
6393
6393
6395
6396
6401
6403
6404
6404
6405
6405
6408
6411
6419
6421
6421
6423
6428
6429
6430
6431
6433
6433
6433
6435
6437
6438
6439
6441
6446
6447
6448
6449
6449
6451
6453
6454
6455
6455
6458
6459
6460
6460
6463
6463
6463
6464
6465
6468
6470
6472
6473
6474
6477
6479
6482
6486
6486
6488
6488
6490
6491
6492
6495
6495
6496
6497
6500
6510
6510
6510
6515
6515
6516
6518
6518
6519
6522
6523
6526
6530
6531
6534
6537
6538
6538
6541
6543
6545
6548
6550
6551
6552
6556
6558
6559
6568
6569
6570
6572
6572
6573
6575
6576
6578
6580
6580
6581
6581
6582
6586
6588
6589
6593
6594
6594
6595
6595
6596
6597
6598
6600
6601
6603
6607
6610
6610
6616
6619
6620
6620
6622
6623
6626
6627
6631
6631
6632
6633
6648
6648
6649
6651
6653
6660
6660
6661
6665
6669
6670
6670
6681
6684
6685
6685
6686
6689
6692
6693
6697
6699
6702
6703
6704
6704
6706
6710
6711
6713
6713
6715
6716
6717
6720
6722
6723
6724
6725
6730
6731
6733
6735
6738
6739
6739
6743
6746
6747
6750
6751
6753
6757
6760
6761
6764
6765
6765
6767
6768
6772
6773
6775
6781
6783
6788
6790
6794
6798
6804
6805
6809
6809
6810
6811
6813
6816
6817
6819
6825
6826
6827
6827
6829
6830
6832
6832
6833
6837
6839
6839
6845
6857
6859
6863
6864
6865
6868
6869
6872
6879
6880
6884
6884
6888
6892
6895
6896
6897
6899
6901
6905
6906
6907
6908
6911
6912
6914
6922
6924
6924
6931
6931
6933
6936
6936
6937
6937
6940
6940
6944
6945
6945
6945
6945
6946
6947
6947
6948
6949
6953
6958
6959
6960
6963
6963
6966
6967
6968
6972
6977
6980
6982
6987
6988
6996
6997
6999
7001
7006
7024
7027
7028
7031
7035
7036
7038
7039
7039
7041
7041
7042
7044
7045
7046
7046
7050
7051
7055
7056
7062
7063
7067
7069
7070
7071
7074
7080
7081
7082
7083
7084
7086
7090
7093
7093
7104
7106
7110
7113
7114
7120
7126
7130
7136
7136
7141
7141
7141
7141
7142
7144
7146
7149
7149
7153
7156
7157
7158
7159
7162
7163
7163
7165
7167
7168
7177
7191
7192
7193
7195
7196
7198
7198
7201
7206
7211
7211
7211
7212
7215
7219
7220
7224
7231
7234
7242
7243
7244
7246
7246
7252
7254
7256
7258
7260
7266
7267
7269
7269
7271
7273
7275
7276
7278
7284
7284
7285
7286
7287
7288
7288
7288
7290
7292
7293
7294
7297
7300
7301
7307
7310
7311
7313
7313
7315
7316
7316
7317
7318
7319
7320
7322
7323
7324
7331
7332
7337
7339
7339
7344
7345
7351
7355
7355
7361
7369
7370
7372
7373
7373
7374
7376
7379
7382
7383
7384
7384
7386
7390
7390
7391
7394
7395
7395
7395
7396
7397
7398
7398
7400
7400
7400
7405
7409
7410
7413
7413
7418
7420
7420
7422
7424
7427
7432
7434
7439
7442
7455
7456
7456
7457
7457
7457
7458
7464
7467
7474
7479
7481
7481
7485
7485
7486
7487
7487
7491
7497
7498
7500
7505
7505
7506
7506
7508
7510
7510
7514
7516
7518
7521
7524
7527
7527
7528
7528
7529
7532
7534
7538
7545
7547
7549
7549
7550
7551
7552
7553
7556
7557
7559
7562
7564
7567
7570
7571
7579
7580
7583
7585
7591
7591
7593
7597
7598
7599
7599
7600
7600
7600
7600
7604
7608
7611
7612
7612
7614
7614
7616
7619
7622
7623
7626
7628
7628
7630
7631
7634
7635
7637
7637
7639
7645
7655
7658
7659
7660
7661
7666
7669
7670
7671
7674
7674
7675
7677
7689
7692
7692
7693
7696
7699
7701
7703
7706
7707
7708
7715
7715
7719
7719
7725
7730
7734
7736
7736
7739
7741
7744
7747
7748
7752
7753
7753
7759
7759
7762
7765
7768
7770
7771
7771
7774
7775
7777
7778
7779
7781
7784
7785
7790
7790
7791
7791
7791
7794
7795
7795
7802
7808
7812
7818
7820
7823
7827
7831
7834
7836
7838
7838
7839
7849
7853
7854
7855
7857
7868
7869
7872
7873
7874
7876
7879
7880
7884
7884
7887
7890
7896
7900
7902
7904
7908
7911
7914
7916
7918
7918
7925
7927
7928
7928
7930
7931
7933
7933
7935
7941
7941
7942
7946
7948
7950
7951
7954
7954
7955
7956
7958
7958
7959
7959
7961
7963
7966
7973
7976
7978
7979
7979
7982
7993
7993
7996
7997
8000
8006
8006
8008
8010
8025
8027
8028
8033
8035
8037
8038
8044
8044
8045
8046
8047
8048
8049
8052
8053
8057
8057
8061
8064
8070
8073
8074
8075
8075
8076
8077
8079
8082
8083
8085
8093
8099
8105
8106
8115
8119
8124
8127
8129
8131
8132
8132
8132
8136
8138
8140
8140
8145
8146
8148
8151
8154
8156
8160
8166
8171
8173
8174
8176
8176
8179
8182
8182
8186
8186
8191
8196
8196
8197
8199
8204
8205
8206
8208
8209
8210
8212
8214
8215
8217
8218
8219
8220
8221
8225
8229
8232
8236
8238
8239
8240
8242
8242
8243
8243
8250
8252
8252
8253
8255
8270
8271
8271
8273
8273
8273
8274
8274
8276
8277
8279
8286
8287
8290
8290
8297
8298
8299
8300
8301
8303
8303
8304
8309
8316
8319
8321
8325
8326
8328
8329
8330
8332
8336
8337
8338
8339
8340
8342
8344
8349
8354
8356
8358
8358
8359
8360
8365
8367
8371
8378
8381
8381
8381
8383
8384
8389
8400
8401
8402
8405
8407
8415
8415
8419
8420
8422
8428
8428
8430
8431
8433
8434
8436
8449
8449
8453
8454
8454
8463
8463
8468
8476
8479
8482
8485
8493
8494
8495
8500
8504
8509
8519
8520
8525
8526
8530
8535
8537
8541
8541
8544
8552
8557
8557
8559
8560
8563
8563
8564
8566
8568
8572
8572
8574
8579
8581
8584
8591
8593
8594
8594
8597
8598
8598
8607
8608
8612
8613
8613
8620
8626
8627
8631
8632
8634
8639
8639
8643
8646
8655
8660
8662
8664
8666
8668
8676
8681
8682
8687
8688
8688
8689
8691
8691
8692
8693
8696
8707
8708
8710
8711
8715
8719
8723
8726
8726
8728
8732
8733
8733
8737
8739
8747
8756
8759
8760
8760
8767
8772
8774
8777
8780
8784
8786
8791
8797
8803
8804
8805
8815
8820
8821
8821
8825
8829
8832
8834
8836
8855
8855
8856
8856
8857
8863
8865
8870
8873
8874
8881
8882
8888
8891
8891
8908
8912
8922
8929
8932
8934
8939
8940
8949
8951
8951
8959
8965
8966
8975
8980
8980
8983
8984
8988
8993
9001
9004
9005
9011
9016
9021
9023
9025
9025
9028
9034
9037
9040
9041
9043
9044
9046
9047
9048
9052
9054
9056
9058
9061
9062
9067
9067
9072
9072
9077
9079
9087
9092
9097
9100
9103
9104
9104
9106
9109
9115
9117
9119
9121
9121
9125
9126
9127
9127
9133
9134
9134
9136
9138
9138
9145
9146
9146
9148
9150
9152
9153
9154
9156
9157
9157
9160
9161
9163
9174
9175
9179
9180
9181
9184
9188
9191
9191
9192
9192
9193
9193
9194
9194
9198
9198
9198
9202
9205
9206
9207
9210
9211
9212
9212
9216
9217
9225
9225
9249
9249
9252
9255
9258
9261
9263
9265
9268
9271
9285
9291
9295
9295
9297
9298
9300
9301
9302
9307
9308
9311
9315
9316
9319
9322
9331
9333
9333
9334
9335
9339
9341
9341
9342
9343
9345
9349
9353
9356
9357
9361
9364
9369
9369
9372
9379
9384
9387
9388
9390
9391
9391
9392
9393
9394
9394
9394
9394
9396
9401
9403
9408
9422
9433
9440
9446
9455
9455
9461
9463
9471
9471
9473
9477
9480
9490
9493
9495
9499
9503
9503
9505
9507
9507
9510
9510
9513
9514
9516
9522
9522
9524
9525
9527
9528
9529
9530
9531
9533
9534
9534
9535
9536
9545
9550
9552
9554
9557
9558
9558
9569
9569
9571
9574
9574
9600
9601
9606
9609
9609
9615
9626
9640
9641
9642
9643
9645
9646
9647
9648
9649
9651
9658
9663
9664
9669
9669
9671
9675
9677
9680
9681
9685
9693
9701
9703
9706
9707
9712
9712
9716
9720
9721
9721
9725
9736
9743
9744
9759
9762
9763
9765
9765
9769
9773
9777
9782
9782
9784
9784
9785
9788
9789
9792
9794
9800
9805
9807
9808
9809
9810
9812
9816
9817
9817
9817
9818
9820
9824
9832
9835
9841
9843
9843
9849
9855
9856
9861
9862
9875
9881
9887
9888
9892
9893
9899
9916
9916
9923
9926
9930
9931
9935
9938
9940
9941
9944
9944
9944
9947
9950
9951
9953
9956
9957
9959
9963
9966
9970
9971
9977
9978
9985
9987
9994
9996
10012
10012
10016
10019
10022
10028
10028
10030
10034
10035
10039
10048
10049
10055
10056
10059
10059
10060
10061
10066
10067
10071
10073
10075
10076
10077
10079
10083
10084
10089
10097
10102
10106
10107
10108
10112
10118
10120
10120
10122
10122
10131
10134
10140
10140
10141
10145
10147
10149
10158
10161
10161
10162
10171
10174
10178
10178
10181
10183
10186
10190
10203
10207
10209
10213
10213
10214
10217
10221
10225
10229
10230
10231
10236
10237
10246
10258
10258
10259
10261
10261
10271
10273
10274
10278
10283
10285
10290
10290
10299
10304
10304
10304
10312
10327
10336
10336
10342
10353
10357
10362
10364
10370
10370
10376
10380
10386
10387
10388
10396
10401
10404
10405
10408
10410
10416
10422
10423
10433
10435
10443
10452
10458
10461
10487
10488
10492
10492
10499
10501
10501
10514
10516
10517
10518
10523
10530
10535
10545
10546
10549
10550
10552
10555
10556
10556
10556
10558
10560
10561
10563
10564
10565
10566
10573
10575
10581
10581
10582
10584
10589
10603
10606
10610
10611
10622
10625
10636
10638
10639
10645
10647
10647
10648
10649
10654
10660
10661
10662
10668
10670
10671
10676
10679
10682
10683
10685
10685
10687
10687
10689
10692
10693
10701
10708
10708
10710
10710
10716
10724
10725
10734
10739
10740
10743
10746
10750
10754
10758
10768
10773
10777
10779
10783
10785
10786
10787
10788
10791
10795
10799
10806
10809
10809
10818
10823
10826
10826
10829
10830
10833
10835
10840
10844
10844
10845
10848
10854
10860
10861
10862
10865
10874
10874
10876
10893
10899
10910
10912
10917
10919
10920
10938
10943
10947
10949
10952
10957
10959
10959
10966
10970
10971
10972
10977
10982
10989
10992
11002
11005
11012
11030
11031
11035
11036
11036
11036
11037
11038
11039
11042
11050
11062
11067
11071
11072
11076
11076
11081
11085
11086
11094
11098
11099
11099
11099
11130
11134
11134
11134
11137
11140
11145
11146
11146
11149
11149
11151
11153
11157
11165
11165
11176
11177
11179
11188
11192
11196
11202
11206
11211
11214
11218
11222
11223
11226
11231
11235
11237
11242
11249
11265
11270
11273
11275
11275
11281
11286
11287
11288
11288
11296
11296
11300
11306
11307
11315
11315
11315
11317
11324
11329
11329
11329
11331
11336
11358
11359
11360
11361
11363
11364
11368
11371
11373
11389
11390
11392
11398
11401
11401
11406
11411
11411
11413
11416
11419
11423
11427
11427
11442
11448
11450
11451
11457
11458
11459
11464
11467
11473
11481
11481
11483
11483
11485
11492
11492
11495
11500
11500
11512
11512
11522
11522
11523
11527
11536
11538
11539
11542
11543
11554
11567
11568
11581
11583
11592
11605
11607
11613
11616
11616
11620
11620
11621
11624
11630
11636
11638
11639
11683
11687
11694
11698
11704
11707
11712
11714
11715
11721
11723
11729
11731
11743
11748
11750
11750
11751
11756
11763
11763
11764
11765
11769
11770
11776
11781
11791
11795
11798
11798
11808
11822
11825
11826
11831
11832
11844
11853
11864
11868
11880
11882
11885
11892
11893
11897
11897
11907
11908
11909
11910
11913
11916
11918
11922
11926
11930
11934
11934
11936
11936
11937
11938
11939
11939
11943
11944
11945
11948
11948
11949
11954
11963
11975
11975
11977
11978
11979
11983
11984
11990
11993
11993
11996
11998
11999
12005
12007
12010
12014
12018
12018
12027
12028
12036
12044
12061
12066
12071
12073
12074
12074
12076
12080
12082
12083
12089
12107
12110
12112
12121
12123
12132
12133
12137
12141
12142
12148
12153
12153
12154
12154
12161
12163
12168
12170
12172
12174
12176
12177
12180
12189
12193
12200
12200
12222
12222
12225
12227
12235
12236
12245
12248
12261
12263
12265
12268
12269
12273
12274
12285
12286
12287
12305
12315
12318
12323
12323
12324
12327
12339
12339
12340
12351
12352
12352
12366
12367
12367
12372
12375
12378
12378
12380
12397
12400
12405
12409
12436
12436
12440
12441
12444
12445
12450
12454
12454
12458
12460
12461
12463
12467
12469
12470
12471
12472
12479
12481
12497
12498
12498
12499
12500
12501
12503
12508
12509
12511
12515
12516
12525
12525
12535
12538
12550
12552
12554
12555
12557
12558
12561
12563
12563
12564
12564
12574
12579
12580
12587
12600
12601
12606
12618
12619
12627
12634
12634
12642
12643
12645
12646
12648
12658
12659
12665
12671
12675
12676
12691
12691
12694
12695
12703
12705
12710
12719
12722
12726
12730
12735
12737
12741
12744
12750
12752
12755
12757
12761
12762
12762
12767
12772
12772
12773
12788
12817
12821
12823
12825
12827
12827
12833
12834
12834
12837
12838
12856
12859
12865
12868
12868
12878
12880
12887
12898
12899
12900
12906
12924
12933
12939
12950
12957
12962
12963
12971
12972
12977
12979
12982
12983
12984
12985
12986
12986
12991
12992
12996
13001
13009
13010
13011
13013
13019
13020
13029
13031
13031
13047
13053
13056
13058
13062
13070
13075
13076
13078
13081
13081
13092
13092
13094
13096
13102
13103
13131
13137
13149
13163
13171
13183
13185
13187
13190
13191
13192
13201
13204
13206
13208
13224
13233
13234
13240
13241
13246
13250
13259
13264
13281
13286
13287
13290
13297
13297
13298
13299
13301
13322
13326
13332
13333
13335
13340
13346
13349
13349
13357
13363
13368
13384
13388
13391
13400
13404
13411
13412
13418
13419
13424
13425
13427
13427
13432
13437
13454
13457
13464
13465
13478
13495
13497
13503
13503
13507
13511
13513
13519
13520
13522
13524
13527
13532
13534
13543
13548
13550
13553
13559
13574
13591
13600
13601
13602
13623
13633
13634
13638
13643
13644
13656
13674
13676
13691
13701
13708
13711
13744
13744
13756
13759
13761
13776
13778
13789
13790
13790
13801
13804
13812
13821
13830
13835
13837
13840
13850
13851
13851
13854
13854
13863
13869
13871
13873
13889
13910
13913
13914
13919
13919
13923
13928
13932
13935
13941
13941
13942
13946
13950
13956
13956
13965
13965
13968
13979
13987
13996
14004
14010
14031
14038
14038
14040
14040
14048
14060
14061
14069
14071
14086
14090
14119
14125
14126
14127
14130
14130
14130
14131
14134
14138
14139
14141
14150
14155
14157
14162
14163
14168
14176
14185
14187
14195
14198
14200
14208
14208
14228
14229
14243
14245
14247
14258
14261
14272
14273
14274
14281
14282
14282
14287
14288
14301
14302
14304
14315
14318
14323
14324
14328
14329
14330
14351
14360
14361
14365
14372
14377
14382
14393
14399
14401
14419
14444
14447
14447
14457
14461
14463
14465
14468
14468
14474
14474
14483
14491
14496
14496
14519
14520
14533
14544
14546
14556
14558
14564
14565
14569
14571
14584
14592
14598
14602
14611
14625
14628
14629
14630
14631
14632
14642
14648
14649
14649
14672
14673
14674
14675
14685
14689
14701
14707
14710
14725
14727
14729
14729
14735
14736
14739
14755
14756
14780
14788
14791
14793
14794
14796
14805
14806
14826
14831
14838
14838
14847
14852
14856
14857
14857
14862
14870
14873
14876
14877
14894
14894
14900
14913
14914
14916
14919
14920
14921
14929
14929
14931
14956
14957
14960
14961
14963
14964
14966
14974
14974
14977
14989
14991
15009
15012
15019
15022
15039
15041
15041
15041
15047
15051
15054
15055
15060
15085
15090
15118
15119
15122
15123
15134
15134
15137
15145
15147
15152
15155
15157
15170
15170
15171
15183
15199
15207
15213
15218
15219
15220
15220
15221
15223
15227
15237
15242
15244
15249
15271
15284
15289
15300
15302
15306
15312
15336
15337
15345
15345
15346
15356
15359
15362
15368
15387
15388
15393
15400
15427
15445
15451
15452
15460
15480
15504
15509
15511
15520
15522
15529
15530
15531
15537
15539
15539
15542
15549
15576
15590
15603
15608
15611
15620
15623
15629
15631
15632
15634
15635
15637
15641
15644
15645
15668
15670
15682
15686
15708
15708
15715
15716
15717
15722
15724
15735
15745
15756
15759
15763
15778
15785
15786
15791
15799
15807
15813
15825
15827
15832
15835
15841
15848
15850
15856
15870
15887
15890
15892
15897
15903
15910
15926
15937
15945
15946
15954
15954
15964
15964
15967
15970
15983
15987
15987
15999
16002
16009
16019
16036
16057
16057
16062
16063
16066
16070
16084
16094
16098
16108
16122
16123
16125
16147
16148
16152
16163
16167
16167
16171
16173
16174
16193
16195
16195
16200
16201
16219
16221
16224
16234
16242
16244
16269
16274
16274
16285
16290
16294
16295
16303
16305
16309
16317
16319
16319
16341
16351
16355
16365
16375
16382
16383
16387
16407
16419
16423
16431
16438
16441
16441
16445
16451
16476
16478
16480
16484
16498
16500
16507
16509
16511
16511
16528
16533
16534
16535
16543
16545
16562
16577
16579
16584
16605
16605
16608
16613
16615
16621
16631
16632
16638
16648
16651
16664
16676
16679
16691
16696
16697
16713
16722
16725
16726
16730
16755
16757
16774
16796
16800
16810
16811
16814
16821
16823
16823
16825
16834
16842
16853
16855
16861
16870
16900
16901
16902
16910
16916
16930
16932
16934
16939
16956
16967
16970
16974
16982
17006
17023
17056
17070
17076
17076
17093
17112
17113
17122
17124
17149
17151
17158
17161
17163
17166
17167
17167
17171
17181
17191
17201
17209
17210
17214
17231
17233
17240
17249
17254
17256
17261
17279
17293
17300
17300
17305
17306
17321
17335
17338
17345
17363
17363
17368
17378
17392
17399
17401
17406
17413
17433
17452
17456
17463
17466
17474
17486
17501
17507
17523
17531
17536
17539
17540
17542
17552
17558
17566
17596
17601
17602
17608
17640
17652
17659
17662
17666
17682
17689
17704
17719
17724
17766
17787
17815
17828
17842
17844
17862
17862
17864
17874
17882
17884
17885
17885
17887
17889
17889
17895
17895
17921
17937
17937
17944
17975
18000
18014
18028
18030
18050
18056
18070
18072
18077
18079
18089
18096
18114
18117
18125
18145
18153
18159
18181
18182
18187
18194
18196
18201
18203
18218
18238
18240
18255
18263
18274
18301
18314
18340
18341
18356
18362
18365
18372
18385
18390
18396
18413
18423
18446
18450
18459
18471
18491
18529
18531
18532
18551
18552
18563
18578
18580
18585
18589
18595
18599
18604
18626
18628
18631
18636
18637
18637
18640
18655
18666
18675
18687
18687
18689
18720
18732
18783
18785
18789
18790
18804
18807
18813
18823
18826
18836
18879
18901
18904
18914
18941
18945
18949
18958
18969
18970
18980
18986
18989
19000
19004
19006
19017
19029
19029
19047
19080
19111
19129
19130
19164
19178
19192
19193
19240
19240
19253
19261
19264
19289
19294
19312
19314
19317
19344
19344
19363
19366
19373
19374
19379
19379
19385
19389
19390
19399
19405
19433
19461
19461
19475
19484
19516
19518
19538
19556
19591
19623
19624
19662
19672
19688
19702
19709
19713
19717
19750
19754
19769
19777
19781
19816
19827
19838
19851
19858
19884
19901
19911
19911
19917
19945
19958
19964
19987
20001
20036
20043
20043
20047
20048
20051
20054
20070
20072
20081
20099
20107
20107
20129
20141
20141
20142
20183
20187
20203
20205
20214
20228
20250
20300
20301
20346
20350
20352
20357
20362
20371
20392
20399
20416
20424
20443
20465
20485
20497
20498
20513
20516
20519
20529
20529
20538
20548
20561
20562
20597
20602
20617
20645
20646
20668
20672
20700
20717
20724
20726
20729
20740
20751
20775
20793
20796
20820
20824
20824
20847
20849
20870
20875
20884
20902
20903
20907
20908
20912
20954
20990
21035
21042
21066
21075
21078
21117
21120
21121
21136
21164
21190
21226
21273
21275
21292
21319
21331
21333
21337
21343
21371
21372
21376
21393
21411
21418
21425
21429
21450
21457
21471
21472
21520
21535
21556
21573
21574
21587
21600
21654
21658
21668
21689
21692
21701
21702
21703
21727
21764
21808
21816
21839
21842
21862
21878
21894
21934
21973
21996
21998
22027
22034
22042
22073
22076
22077
22079
22115
22127
22131
22131
22136
22156
22158
22162
22169
22187
22189
22199
22199
22209
22219
22229
22306
22308
22317
22320
22341
22348
22351
22360
22403
22432
22448
22454
22458
22461
22469
22470
22495
22523
22548
22550
22588
22605
22609
22611
22611
22643
22743
22754
22761
22776
22790
22792
22873
22875
22877
22885
22886
22906
22912
22915
22927
22931
22959
22961
22987
23020
23024
23030
23032
23044
23054
23066
23075
23078
23079
23090
23172
23175
23181
23190
23193
23251
23255
23255
23276
23303
23328
23331
23335
23372
23384
23460
23481
23486
23498
23533
23552
23595
23660
23665
23725
23726
23746
23823
23857
23869
23905
23973
24004
24036
24050
24062
24071
24076
24093
24145
24174
24214
24247
24266
24267
24275
24280
24285
24340
24353
24366
24369
24371
24431
24461
24497
24544
24548
24549
24552
24558
24564
24578
24600
24608
24630
24659
24684
24699
24731
24733
24735
24787
24799
24811
24826
24838
24848
24853
24856
24896
24933
24967
24993
24998
25007
25009
25019
25024
25026
25069
25078
25089
25102
25115
25128
25169
25176
25206
25209
25214
25219
25266
25305
25355
25364
25401
25443
25446
25506
25508
25519
25523
25550
25557
25559
25575
25623
25646
25688
25713
25715
25723
25744
25749
25812
25894
25900
25907
25916
25976
26024
26072
26133
26158
26177
26183
26196
26222
26238
26253
26288
26294
26315
26346
26354
26359
26515
26556
26572
26595
26617
26648
26649
26654
26672
26713
26734
26743
26811
26869
26895
26907
26931
26947
26956
26959
26977
26981
27019
27032
27034
27123
27171
27179
27253
27355
27393
27398
27419
27428
27431
27471
27546
27567
27600
27673
27710
27735
27736
27737
27800
27846
27867
27919
27970
28021
28037
28041
28058
28290
28323
28352
28406
28431
28448
28456
28539
28543
28557
28561
28565
28657
28678
28734
28852
28926
28935
28949
29030
29058
29089
29090
29153
29189
29219
29224
29252
29302
29339
29380
29399
29461
29472
29522
29553
29594
29620
29634
29749
29785
29812
29816
29831
29888
29918
29927
29935
29988
30056
30058
30085
30107
30151
30178
30180
30219
30231
30239
30411
30465
30495
30497
30504
30584
30585
30636
30674
30675
30735
30812
30841
30846
30871
30919
30950
30960
30995
31070
31073
31118
31124
31129
31141
31196
31391
31421
31470
31474
31517
31577
31629
31639
31685
31765
31785
31809
31834
31920
31928
31945
32054
32144
32161
32189
32200
32269
32290
32321
32436
32485
32542
32545
32691
32805
32912
33000
33002
33040
33061
33108
33120
33191
33310
33334
33406
33418
33432
33437
33467
33478
33522
33652
33733
33760
33813
33823
33890
34042
34187
34224
34226
34302
34352
34394
34414
34505
34545
34557
34573
34590
34784
34787
34787
34847
34862
35004
35015
35044
35133
35174
35240
35382
35473
35523
35536
35689
35761
35774
35800
35973
36093
36130
36350
36468
36477
36536
36581
36788
36795
36931
36949
37018
37075
37090
37199
37297
37375
37393
37398
37448
37454
37551
37593
38031
38207
38304
38441
38442
38518
38671
38718
38728
38848
38894
38920
39179
39210
39288
39291
39385
39547
39625
39724
39826
39829
39921
40037
40128
40157
40225
40332
40337
40415
40677
41323
41357
41500
41560
41651
41701
41719
41777
41880
41885
41950
42145
42150
42175
42323
42378
42421
42474
42507
42567
42586
42616
42730
42787
42890
43653
43787
43883
43897
43971
44010
44178
44388
44495
44544
44650
44681
44856
45013
45117
45468
45653
46301
46481
46555
46667
46974
47067
47289
47433
47509
47595
48277
48368
48380
48689
48749
48860
48910
49136
49427
49469
49563
49936
50035
50114
50338
50416
50510
50621
50999
51259
51584
51911
52024
52341
52727
53030
53257
53288
53403
53659
54319
54808
54810
54979
55455
55461
55590
55848
55997
56032
56642
56688
56834
56979
57206
57278
57449
57620
57891
58466
58571
58902
59076
59256
59577
59771
60130
60274
60700
60836
61344
61411
61766
62550
62854
63106
63191
63381
63818
64490
64521
64571
64687
64800
64872
65167
65341
66082
66822
67060
67472
67938
68387
70643
70795
71735
72314
72576
72884
72890
72912
72981
73054
73083
73259
73306
73439
73690
73725
74157
74225
74251
75057
75253
75531
75772
75999
76252
76691
77355
77534
77578
77630
77713
78165
78506
79652
79910
82078
82160
82639
84297
84598
84896
85062
85378
85679
85977
86169
86251
89888
90947
91903
92230
93701
93744
93883
97733
102510
104063
106244
106696
107691
108961
109267
111327
113308
118085
120042
122024
122207
124234
126004
126574
130021
130486
135451
135751
136050
136366
136864
137460
139707
