0
0
0
0
1
3
3
5
5
5
6
7
7
7
7
7
7
7
9
9
10
10
12
13
14
14
16
16
16
17
17
17
17
19
19
19
21
22
24
25
25
26
26
27
27
27
28
28
28
28
28
28
30
31
33
37
38
41
43
43
45
48
48
50
50
51
53
53
57
59
60
60
64
65
65
66
67
67
68
70
72
73
73
76
76
78
79
79
85
85
87
89
92
94
100
107
111
113
113
117
118
122
123
125
128
128
129
132
132
133
133
138
139
139
139
142
142
147
149
149
150
150
159
162
163
171
176
177
183
185
188
194
195
199
210
213
216
218
221
223
231
232
254
254
256
257
261
264
273
278
284
311
324
338
339
355
357
359
360
362
363
377
379
389
430
433
440
441
449
455
462
468
469
473
501
513
515
529
540
551
559
564
570
570
570
570
574
584
585
586
602
678
758
863
1073
1207
1294
1616
1623
1850
2153
2836
3413
3492
6167
