





1
1
1
1
2
2
3
3
3
4
5
5
5
6
7
7
7
7
8
13
17
19
23
23
25
26
26
28
29
29
32
37
39
42
42
45
46
47
49
51
52
52
52
53
53
53
54
56
56
56
58
61
61
63
63
65
65
68
69
69
70
70
72
72
75
76
78
78
79
83
83
85
85
85
89
90
90
92
92
94
98
99
99
105
106
106
107
107
108
110
111
113
116
117
118
118
123
123
124
125
125
126
126
127
128
130
130
131
131
135
135
135
137
137
137
139
140
142
144
145
145
146
148
151
153
153
154
155
161
162
164
164
165
165
165
165
167
168
169
171
172
173
175
176
176
177
177
177
180
180
182
184
187
189
192
192
193
197
198
198
199
199
201
203
206
208
210
210
211
211
212
212
214
214
217
217
217
219
219
226
226
226
228
228
229
230
231
231
233
234
235
235
236
236
236
237
238
240
241
243
245
246
247
248
248
248
249
249
250
251
252
252
253
255
255
256
259
261
263
265
267
268
268
268
270
273
274
274
274
277
277
278
278
280
282
282
284
285
285
285
286
286
287
288
288
289
291
291
292
292
296
297
297
298
299
300
305
306
308
308
309
309
311
312
312
313
313
315
315
317
318
319
320
321
323
323
323
323
324
330
333
335
335
336
336
336
337
340
346
347
348
349
351
351
353
357
359
360
360
361
363
363
366
366
367
370
371
373
373
374
374
374
375
380
381
382
382
382
383
385
386
386
386
386
388
388
389
389
394
395
395
395
396
397
399
399
400
400
403
404
405
406
408
409
410
411
411
414
414
415
417
417
420
421
422
422
425
425
429
430
430
430
430
431
431
431
435
436
436
437
438
439
440
441
442
443
446
446
446
447
447
449
452
452
456
458
458
459
459
459
459
460
460
461
461
461
462
462
462
462
462
465
466
466
466
467
467
467
469
469
470
471
471
471
472
474
475
476
476
477
478
485
486
488
489
490
491
492
492
492
492
494
494
497
497
498
498
498
498
499
499
499
502
502
506
506
507
507
509
509
511
511
514
514
514
516
516
519
520
520
520
520
521
522
522
522
523
529
530
530
530
532
533
534
535
537
537
539
540
541
543
543
544
544
544
548
550
550
552
555
556
557
559
559
559
560
561
561
562
563
563
563
563
565
566
568
568
570
571
571
572
572
574
575
575
576
578
579
580
581
581
581
581
582
582
583
584
585
585
587
587
588
589
589
589
589
590
591
592
592
592
592
592
592
593
593
594
594
597
597
597
598
599
600
601
602
602
603
604
604
605
605
606
607
608
608
608
608
609
610
611
611
611
611
612
613
613
614
614
617
617
617
618
621
624
626
627
628
629
629
629
630
630
630
630
634
635
636
636
636
637
637
639
640
642
642
643
645
647
650
650
651
651
651
652
653
655
656
656
658
658
658
664
665
668
668
669
669
670
671
671
672
673
674
675
675
676
677
679
679
680
681
681
681
682
683
685
686
687
687
688
689
690
690
691
691
692
692
694
694
695
698
701
701
703
704
705
705
706
707
707
709
709
709
710
710
711
712
712
712
713
716
716
717
717
718
720
722
724
724
724
726
727
728
729
730
730
730
731
731
733
734
736
737
739
740
740
743
745
746
746
746
751
752
752
754
754
755
755
756
756
757
757
758
758
758
760
761
762
762
763
764
764
766
767
768
768
770
770
771
772
772
773
774
775
776
777
777
777
777
777
778
778
778
778
779
779
779
780
780
781
781
782
783
783
785
786
786
786
788
789
789
791
792
797
798
798
798
800
801
802
803
803
804
807
807
809
809
809
809
810
810
810
811
815
816
816
817
819
820
820
822
823
823
825
826
827
828
828
828
829
829
831
831
833
833
836
836
837
837
838
841
843
843
843
845
845
846
847
850
850
851
851
852
853
855
858
858
859
862
862
862
865
866
867
868
870
871
873
877
877
879
879
880
880
881
881
882
883
883
884
884
884
887
887
888
888
890
890
891
891
893
894
896
897
897
900
901
903
903
903
904
904
904
904
904
905
906
908
908
910
912
913
913
913
916
916
916
917
919
919
920
921
922
924
925
926
926
927
928
928
929
929
929
929
930
931
931
931
931
932
932
932
932
933
933
938
938
940
942
942
943
943
944
944
945
946
947
948
948
949
949
949
950
953
953
953
954
956
956
959
960
961
961
961
962
962
962
963
964
964
964
964
964
965
966
966
968
968
968
968
969
969
970
970
971
971
971
971
972
972
972
972
973
973
974
974
975
978
978
979
982
984
985
985
986
987
987
988
989
991
992
993
996
998
998
1001
1002
1002
1003
1003
1003
1004
1005
1006
1006
1008
1009
1010
1011
1012
1015
1015
1015
1018
1019
1019
1021
1022
1022
1023
1025
1025
1026
1027
1027
1028
1029
1029
1030
1030
1031
1031
1033
1033
1034
1034
1034
1036
1039
1040
1040
1041
1044
1045
1045
1045
1047
1047
1048
1049
1049
1050
1051
1053
1054
1055
1055
1055
1056
1056
1058
1059
1060
1061
1061
1062
1063
1064
1064
1065
1065
1065
1066
1066
1069
1069
1070
1070
1070
1071
1072
1072
1072
1074
1075
1075
1076
1077
1078
1078
1083
1084
1085
1085
1087
1088
1089
1093
1093
1094
1096
1096
1097
1098
1100
1101
1102
1102
1103
1104
1104
1105
1105
1105
1106
1106
1107
1107
1108
1108
1109
1109
1110
1110
1110
1111
1113
1115
1116
1117
1120
1120
1120
1121
1122
1122
1124
1125
1127
1128
1129
1130
1131
1133
1133
1134
1134
1134
1135
1136
1137
1138
1138
1138
1138
1139
1140
1141
1143
1143
1144
1145
1145
1146
1147
1147
1149
1149
1150
1152
1152
1152
1153
1154
1154
1154
1155
1156
1158
1159
1159
1166
1168
1168
1169
1170
1170
1170
1170
1171
1173
1173
1173
1174
1174
1175
1176
1177
1178
1178
1182
1183
1183
1184
1184
1185
1186
1188
1188
1189
1189
1189
1195
1195
1196
1196
1197
1199
1200
1200
1201
1203
1204
1205
1206
1207
1208
1208
1209
1212
1212
1214
1214
1214
1215
1215
1216
1217
1217
1218
1218
1219
1219
1220
1220
1221
1221
1221
1221
1222
1227
1227
1228
1228
1230
1230
1230
1231
1232
1236
1237
1237
1238
1239
1242
1243
1243
1244
1244
1245
1246
1246
1248
1249
1250
1250
1251
1251
1252
1253
1254
1255
1256
1257
1257
1259
1259
1259
1261
1261
1261
1262
1263
1263
1267
1268
1269
1272
1272
1273
1274
1274
1274
1274
1278
1279
1279
1279
1280
1282
1282
1284
1284
1284
1286
1286
1286
1288
1289
1289
1290
1291
1291
1291
1295
1296
1296
1298
1299
1301
1302
1305
1305
1305
1306
1307
1308
1309
1309
1309
1311
1311
1317
1319
1320
1321
1321
1322
1322
1322
1323
1323
1323
1325
1327
1327
1330
1331
1333
1333
1334
1336
1337
1337
1338
1338
1339
1339
1339
1340
1340
1340
1341
1344
1344
1346
1348
1350
1350
1351
1351
1352
1352
1353
1353
1354
1354
1355
1355
1356
1357
1357
1358
1358
1358
1358
1358
1359
1362
1362
1363
1363
1363
1363
1367
1367
1368
1370
1370
1371
1372
1372
1372
1373
1373
1374
1376
1376
1378
1378
1379
1379
1380
1381
1381
1383
1383
1383
1384
1384
1387
1387
1387
1388
1389
1389
1391
1392
1392
1392
1393
1393
1393
1394
1396
1396
1397
1397
1398
1398
1399
1400
1400
1400
1402
1403
1404
1404
1407
1408
1408
1408
1409
1409
1410
1411
1413
1413
1414
1414
1414
1414
1414
1415
1416
1416
1418
1422
1424
1427
1429
1430
1430
1432
1434
1434
1441
1441
1442
1442
1443
1443
1444
1444
1446
1447
1448
1448
1449
1455
1455
1455
1456
1456
1458
1460
1461
1461
1463
1469
1470
1473
1476
1476
1477
1477
1478
1479
1480
1482
1482
1482
1486
1486
1489
1490
1491
1492
1493
1494
1495
1496
1497
1498
1498
1499
1500
1501
1501
1504
1505
1505
1506
1507
1508
1509
1509
1509
1510
1510
1511
1511
1511
1512
1512
1513
1514
1514
1515
1515
1516
1518
1519
1519
1520
1520
1523
1523
1523
1525
1526
1527
1527
1528
1528
1528
1528
1531
1532
1533
1535
1535
1536
1536
1538
1538
1539
1541
1541
1541
1542
1542
1543
1544
1544
1545
1546
1547
1547
1548
1551
1552
1554
1554
1555
1555
1556
1558
1560
1565
1565
1565
1566
1567
1568
1569
1570
1571
1571
1572
1572
1574
1575
1575
1576
1577
1578
1578
1578
1578
1579
1581
1581
1582
1582
1583
1583
1583
1583
1584
1584
1585
1586
1589
1590
1592
1593
1593
1596
1598
1599
1599
1600
1600
1602
1602
1603
1607
1607
1607
1609
1611
1611
1612
1613
1614
1615
1616
1618
1621
1621
1621
1623
1624
1624
1625
1626
1627
1627
1628
1628
1628
1630
1631
1633
1634
1636
1638
1639
1640
1640
1641
1641
1641
1645
1647
1647
1650
1651
1652
1653
1655
1656
1656
1659
1659
1661
1662
1662
1663
1664
1664
1665
1667
1667
1668
1669
1669
1669
1670
1671
1673
1673
1674
1675
1675
1675
1675
1677
1677
1679
1681
1682
1683
1683
1684
1684
1685
1689
1689
1689
1689
1690
1692
1692
1692
1692
1694
1694
1696
1696
1697
1698
1698
1699
1699
1701
1701
1702
1703
1703
1703
1704
1704
1705
1706
1707
1710
1711
1711
1714
1714
1714
1715
1716
1716
1719
1719
1719
1721
1722
1723
1723
1725
1726
1727
1728
1729
1729
1729
1731
1732
1733
1733
1735
1735
1736
1737
1739
1739
1740
1742
1742
1742
1744
1747
1747
1748
1749
1750
1752
1753
1753
1754
1755
1756
1757
1757
1757
1758
1759
1759
1759
1759
1760
1760
1762
1763
1764
1765
1766
1766
1766
1767
1768
1770
1772
1772
1774
1774
1775
1775
1776
1776
1777
1777
1778
1778
1778
1779
1780
1781
1781
1782
1783
1783
1785
1785
1786
1787
1787
1789
1789
1789
1790
1792
1792
1794
1795
1795
1797
1799
1800
1802
1803
1803
1804
1807
1808
1810
1812
1814
1814
1814
1815
1815
1816
1817
1817
1819
1819
1822
1823
1825
1827
1828
1829
1829
1829
1830
1833
1836
1838
1838
1838
1839
1840
1840
1842
1843
1844
1844
1844
1844
1845
1845
1847
1847
1848
1848
1849
1849
1849
1851
1854
1854
1854
1855
1855
1856
1857
1858
1859
1860
1861
1861
1862
1863
1864
1864
1867
1868
1869
1871
1872
1872
1872
1873
1873
1874
1874
1875
1875
1876
1876
1877
1879
1882
1883
1884
1885
1886
1889
1889
1889
1890
1891
1892
1892
1894
1895
1897
1897
1899
1899
1899
1900
1901
1901
1902
1903
1903
1904
1905
1906
1907
1907
1908
1908
1909
1909
1909
1909
1913
1918
1919
1920
1920
1922
1922
1923
1924
1925
1925
1927
1927
1928
1929
1931
1932
1933
1934
1935
1938
1938
1938
1938
1938
1939
1940
1941
1941
1943
1943
1945
1946
1946
1946
1948
1948
1949
1950
1950
1951
1951
1953
1953
1955
1956
1957
1957
1958
1958
1960
1960
1960
1963
1966
1967
1967
1969
1970
1972
1974
1974
1975
1976
1977
1978
1978
1978
1978
1980
1980
1982
1982
1986
1986
1987
1987
1987
1988
1992
1994
1994
1997
2001
2001
2003
2008
2008
2010
2011
2011
2015
2015
2016
2016
2017
2018
2018
2018
2019
2019
2020
2020
2022
2025
2026
2027
2028
2029
2029
2030
2033
2035
2036
2036
2040
2041
2042
2042
2044
2047
2047
2047
2047
2052
2056
2057
2057
2059
2059
2059
2059
2060
2061
2061
2061
2062
2063
2063
2066
2067
2068
2069
2069
2069
2072
2074
2075
2076
2077
2079
2079
2080
2080
2080
2081
2083
2083
2083
2084
2084
2086
2086
2087
2092
2094
2094
2094
2094
2095
2096
2096
2096
2097
2097
2098
2100
2100
2101
2102
2102
2103
2105
2105
2105
2105
2105
2106
2109
2110
2113
2113
2113
2114
2114
2115
2115
2116
2116
2118
2119
2119
2119
2120
2121
2121
2121
2124
2125
2126
2126
2128
2130
2131
2132
2132
2132
2136
2138
2139
2140
2140
2140
2140
2141
2142
2144
2151
2152
2153
2155
2155
2157
2159
2162
2164
2164
2165
2166
2167
2167
2171
2171
2173
2173
2173
2173
2176
2176
2177
2180
2180
2181
2181
2184
2185
2185
2186
2186
2187
2188
2190
2190
2191
2191
2192
2192
2192
2192
2193
2194
2195
2195
2195
2198
2198
2199
2200
2200
2202
2204
2205
2206
2207
2208
2208
2208
2209
2209
2209
2210
2211
2211
2212
2213
2214
2216
2219
2220
2221
2221
2223
2223
2224
2226
2227
2230
2230
2233
2235
2236
2236
2238
2238
2239
2239
2239
2241
2241
2242
2242
2244
2247
2248
2249
2249
2249
2250
2251
2251
2252
2252
2252
2253
2253
2255
2256
2256
2257
2261
2261
2262
2262
2263
2263
2264
2266
2267
2268
2269
2273
2273
2277
2277
2278
2278
2281
2282
2284
2285
2286
2286
2288
2290
2290
2291
2291
2292
2293
2293
2295
2301
2301
2303
2303
2304
2304
2306
2306
2307
2307
2307
2307
2308
2309
2309
2310
2310
2311
2312
2315
2316
2318
2318
2320
2322
2323
2326
2327
2328
2328
2330
2334
2334
2334
2334
2335
2336
2336
2336
2337
2337
2338
2339
2339
2339
2343
2344
2344
2346
2350
2350
2350
2351
2352
2352
2353
2354
2355
2356
2357
2358
2358
2359
2359
2359
2361
2361
2362
2363
2366
2368
2372
2372
2373
2374
2375
2376
2378
2379
2381
2381
2382
2383
2383
2385
2387
2389
2389
2389
2389
2389
2392
2392
2393
2393
2393
2393
2395
2396
2397
2397
2398
2400
2401
2401
2402
2402
2404
2404
2406
2407
2407
2408
2411
2411
2412
2413
2414
2415
2415
2416
2417
2417
2420
2421
2424
2424
2425
2427
2428
2428
2429
2429
2430
2430
2431
2432
2432
2433
2434
2435
2437
2438
2439
2439
2441
2442
2444
2445
2447
2450
2450
2450
2450
2451
2452
2452
2453
2453
2455
2457
2458
2458
2460
2460
2461
2463
2463
2466
2466
2467
2470
2470
2471
2473
2473
2477
2479
2482
2484
2486
2487
2488
2489
2491
2491
2493
2493
2495
2495
2495
2495
2500
2505
2505
2507
2507
2507
2509
2509
2510
2511
2512
2514
2515
2515
2516
2516
2517
2518
2519
2519
2520
2520
2521
2521
2521
2521
2524
2524
2525
2525
2526
2528
2531
2531
2531
2531
2533
2533
2534
2534
2534
2535
2535
2536
2537
2537
2539
2541
2541
2542
2542
2543
2543
2544
2544
2548
2548
2549
2550
2550
2550
2551
2551
2552
2553
2556
2556
2557
2560
2561
2561
2562
2563
2566
2566
2567
2567
2569
2571
2573
2576
2577
2578
2579
2581
2582
2584
2585
2586
2586
2589
2590
2590
2590
2590
2590
2591
2595
2595
2596
2597
2598
2599
2599
2600
2600
2600
2602
2603
2603
2603
2604
2604
2605
2607
2607
2608
2608
2610
2611
2611
2613
2615
2616
2618
2619
2619
2621
2624
2624
2625
2626
2628
2629
2629
2629
2632
2634
2636
2637
2638
2640
2640
2640
2640
2641
2641
2641
2641
2642
2642
2644
2646
2648
2648
2648
2650
2652
2653
2654
2654
2654
2655
2657
2657
2658
2661
2662
2662
2664
2665
2665
2666
2668
2670
2670
2671
2671
2673
2673
2674
2676
2680
2680
2681
2682
2683
2684
2685
2685
2686
2687
2687
2688
2690
2691
2691
2692
2693
2693
2693
2694
2697
2697
2698
2698
2699
2701
2702
2707
2707
2709
2710
2718
2720
2720
2721
2721
2721
2723
2724
2726
2726
2727
2728
2731
2732
2732
2732
2733
2734
2734
2735
2737
2740
2742
2744
2746
2746
2748
2749
2754
2754
2755
2755
2758
2758
2760
2761
2761
2761
2762
2766
2768
2768
2769
2770
2771
2772
2772
2774
2775
2776
2778
2782
2782
2783
2784
2785
2785
2786
2786
2786
2787
2787
2787
2787
2789
2789
2790
2790
2792
2792
2792
2793
2793
2794
2794
2795
2796
2796
2796
2796
2797
2797
2798
2802
2802
2803
2805
2805
2806
2808
2808
2810
2811
2815
2816
2818
2820
2820
2821
2822
2822
2827
2830
2832
2836
2837
2844
2846
2847
2847
2853
2853
2854
2857
2859
2860
2861
2862
2863
2863
2865
2866
2866
2866
2867
2869
2869
2870
2871
2872
2872
2872
2873
2873
2876
2876
2878
2878
2880
2883
2884
2886
2894
2896
2898
2900
2900
2900
2901
2902
2903
2904
2904
2905
2905
2905
2906
2907
2907
2907
2907
2908
2908
2909
2910
2911
2911
2912
2913
2913
2914
2916
2917
2917
2918
2919
2920
2921
2922
2922
2922
2923
2924
2925
2925
2926
2926
2930
2930
2930
2931
2932
2933
2935
2936
2937
2938
2940
2941
2942
2942
2942
2942
2942
2943
2944
2945
2947
2947
2947
2949
2949
2949
2951
2953
2953
2954
2956
2956
2958
2958
2958
2958
2959
2960
2961
2962
2963
2964
2964
2965
2965
2966
2966
2966
2967
2968
2969
2971
2974
2975
2975
2977
2979
2980
2980
2982
2982
2983
2984
2985
2986
2987
2987
2988
2989
2991
2993
2993
2993
2996
2997
2998
2999
3001
3006
3006
3006
3007
3009
3010
3010
3011
3013
3014
3015
3015
3016
3016
3017
3018
3018
3020
3021
3022
3022
3024
3025
3025
3025
3028
3028
3029
3029
3029
3029
3030
3030
3034
3035
3036
3036
3039
3041
3042
3047
3047
3048
3049
3050
3050
3056
3057
3060
3060
3060
3061
3064
3066
3068
3068
3068
3070
3070
3071
3071
3072
3075
3076
3078
3080
3081
3081
3082
3083
3083
3083
3084
3085
3085
3086
3086
3087
3087
3089
3095
3096
3097
3100
3100
3101
3101
3104
3104
3104
3105
3105
3105
3106
3106
3107
3108
3108
3109
3109
3109
3109
3110
3110
3111
3112
3113
3114
3116
3116
3119
3121
3121
3122
3123
3123
3123
3124
3126
3126
3127
3128
3128
3130
3132
3136
3139
3141
3141
3142
3144
3144
3145
3145
3147
3147
3149
3149
3150
3150
3151
3151
3152
3153
3154
3154
3156
3157
3159
3161
3161
3162
3162
3163
3164
3164
3173
3175
3177
3178
3180
3182
3184
3185
3186
3187
3188
3189
3189
3190
3190
3190
3190
3191
3192
3192
3194
3195
3198
3198
3198
3199
3202
3203
3203
3205
3206
3207
3209
3209
3210
3211
3212
3213
3215
3217
3217
3219
3220
3225
3225
3232
3233
3233
3236
3236
3237
3239
3239
3239
3243
3244
3246
3248
3248
3249
3250
3252
3252
3253
3253
3254
3255
3255
3255
3261
3261
3261
3263
3265
3266
3266
3266
3267
3268
3270
3270
3270
3271
3273
3274
3275
3276
3277
3278
3280
3281
3282
3285
3286
3290
3291
3292
3293
3294
3296
3296
3297
3298
3300
3300
3300
3301
3304
3304
3305
3306
3308
3308
3310
3310
3315
3316
3318
3318
3320
3320
3321
3322
3322
3323
3323
3324
3324
3325
3325
3326
3327
3327
3327
3330
3332
3334
3334
3336
3338
3339
3340
3341
3341
3342
3342
3345
3347
3349
3350
3353
3354
3354
3356
3356
3356
3357
3357
3358
3360
3360
3363
3364
3365
3365
3366
3367
3367
3368
3369
3369
3370
3371
3372
3373
3373
3373
3376
3376
3376
3377
3377
3378
3379
3380
3380
3381
3381
3381
3381
3383
3384
3384
3384
3385
3386
3387
3387
3389
3389
3390
3391
3391
3395
3396
3397
3398
3401
3401
3403
3404
3405
3407
3408
3408
3409
3410
3410
3410
3411
3412
3412
3413
3416
3419
3420
3420
3421
3422
3423
3426
3428
3430
3430
3432
3433
3434
3436
3436
3439
3440
3440
3441
3442
3443
3446
3449
3449
3450
3454
3454
3454
3455
3455
3458
3459
3462
3463
3464
3465
3465
3466
3467
3467
3470
3473
3474
3475
3477
3477
3477
3479
3481
3482
3482
3483
3487
3489
3489
3490
3493
3494
3496
3497
3498
3498
3500
3501
3503
3503
3505
3505
3506
3507
3508
3508
3509
3509
3510
3513
3513
3514
3516
3517
3521
3522
3523
3524
3525
3526
3526
3528
3532
3532
3532
3533
3534
3534
3535
3535
3535
3539
3541
3543
3543
3543
3544
3545
3547
3548
3548
3548
3549
3549
3550
3551
3551
3551
3552
3553
3553
3553
3554
3554
3556
3557
3557
3559
3560
3560
3560
3561
3561
3561
3562
3562
3565
3568
3570
3572
3573
3573
3573
3575
3575
3575
3579
3579
3580
3580
3582
3583
3585
3585
3586
3586
3586
3586
3587
3588
3589
3589
3589
3589
3589
3590
3590
3595
3596
3597
3597
3598
3599
3601
3601
3605
3606
3606
3608
3609
3612
3613
3613
3614
3616
3616
3617
3618
3619
3620
3622
3623
3623
3628
3629
3630
3632
3633
3634
3634
3634
3634
3634
3635
3636
3638
3638
3638
3638
3639
3642
3645
3645
3645
3646
3647
3647
3647
3648
3648
3649
3650
3652
3653
3653
3654
3654
3656
3658
3658
3658
3660
3662
3663
3663
3664
3664
3664
3665
3665
3666
3666
3668
3668
3669
3672
3674
3674
3676
3679
3680
3681
3682
3682
3683
3683
3685
3689
3689
3692
3692
3692
3693
3693
3693
3694
3695
3697
3700
3701
3702
3706
3706
3706
3708
3708
3709
3709
3710
3712
3712
3715
3715
3715
3717
3719
3720
3726
3727
3729
3729
3730
3730
3730
3730
3732
3734
3740
3740
3742
3742
3743
3749
3753
3756
3757
3757
3757
3758
3760
3760
3762
3763
3763
3763
3764
3766
3769
3771
3772
3772
3776
3778
3782
3782
3782
3784
3785
3786
3788
3788
3789
3789
3790
3791
3792
3793
3794
3794
3794
3800
3801
3804
3804
3805
3807
3810
3810
3814
3814
3814
3815
3815
3816
3816
3816
3817
3817
3818
3821
3824
3825
3830
3831
3831
3832
3833
3835
3837
3837
3838
3839
3839
3842
3843
3843
3845
3845
3845
3846
3849
3849
3849
3850
3851
3853
3854
3855
3855
3857
3857
3857
3859
3860
3860
3861
3862
3862
3867
3870
3872
3872
3873
3873
3874
3877
3879
3881
3883
3884
3886
3886
3887
3888
3888
3889
3891
3891
3891
3892
3893
3893
3894
3894
3896
3896
3897
3897
3897
3898
3899
3900
3901
3903
3905
3905
3906
3906
3911
3911
3911
3911
3912
3913
3915
3915
3915
3917
3918
3918
3919
3919
3919
3921
3922
3922
3923
3927
3931
3933
3934
3935
3937
3940
3941
3946
3947
3948
3950
3950
3952
3955
3956
3957
3959
3959
3961
3963
3964
3964
3965
3965
3968
3969
3971
3972
3972
3974
3974
3974
3977
3977
3978
3981
3983
3984
3985
3986
3987
3987
3987
3989
3991
3992
3993
3993
3994
3997
3997
3998
3998
3998
3999
4000
4000
4001
4004
4004
4005
4007
4007
4007
4007
4008
4009
4012
4015
4015
4016
4021
4023
4024
4026
4026
4027
4028
4029
4029
4030
4032
4034
4035
4035
4037
4037
4040
4041
4042
4042
4044
4044
4048
4048
4049
4051
4052
4053
4055
4055
4058
4059
4059
4059
4059
4062
4063
4065
4065
4066
4067
4070
4070
4075
4077
4078
4078
4085
4085
4087
4089
4090
4090
4092
4093
4093
4094
4095
4095
4097
4099
4099
4100
4102
4102
4104
4105
4106
4109
4109
4110
4110
4111
4112
4112
4113
4113
4114
4118
4119
4119
4121
4121
4123
4125
4125
4125
4126
4126
4127
4127
4128
4128
4128
4129
4130
4138
4138
4139
4140
4141
4141
4141
4142
4145
4146
4146
4150
4151
4156
4156
4157
4157
4157
4158
4160
4161
4163
4163
4163
4168
4168
4168
4169
4169
4172
4173
4174
4175
4177
4177
4177
4178
4180
4180
4182
4183
4183
4184
4187
4188
4190
4191
4191
4193
4194
4195
4196
4198
4199
4199
4202
4202
4202
4204
4206
4206
4209
4213
4214
4214
4215
4215
4215
4217
4218
4220
4220
4221
4221
4222
4223
4223
4224
4224
4226
4227
4228
4228
4229
4230
4231
4235
4236
4237
4237
4237
4237
4239
4239
4241
4242
4243
4243
4247
4248
4248
4249
4250
4254
4255
4255
4256
4256
4257
4258
4261
4264
4264
4264
4264
4267
4268
4268
4268
4270
4273
4279
4280
4281
4281
4282
4283
4283
4284
4285
4287
4288
4291
4291
4296
4296
4298
4298
4300
4302
4304
4305
4306
4308
4308
4308
4309
4310
4310
4311
4313
4314
4315
4317
4318
4319
4319
4320
4321
4328
4329
4330
4331
4332
4334
4334
4339
4339
4342
4343
4344
4346
4346
4347
4347
4348
4349
4349
4350
4350
4351
4351
4352
4357
4358
4358
4360
4360
4362
4363
4366
4368
4371
4372
4374
4375
4378
4378
4379
4379
4379
4379
4380
4381
4382
4383
4384
4384
4385
4386
4387
4387
4388
4390
4392
4393
4393
4395
4397
4398
4399
4400
4400
4401
4402
4405
4406
4407
4408
4408
4410
4411
4411
4411
4411
4412
4413
4414
4414
4414
4416
4417
4418
4420
4422
4422
4422
4423
4424
4424
4426
4427
4427
4427
4427
4428
4429
4432
4433
4436
4439
4441
4441
4443
4444
4445
4446
4448
4450
4451
4452
4453
4455
4455
4455
4460
4464
4465
4465
4465
4467
4468
4469
4469
4469
4470
4472
4473
4473
4474
4474
4475
4477
4477
4478
4478
4481
4482
4488
4490
4491
4492
4493
4494
4495
4498
4503
4503
4507
4507
4508
4509
4510
4516
4517
4517
4518
4519
4520
4522
4522
4526
4531
4532
4534
4534
4535
4537
4538
4541
4541
4542
4543
4543
4547
4547
4548
4548
4553
4554
4554
4559
4562
4562
4562
4566
4570
4570
4570
4573
4573
4574
4575
4575
4575
4576
4576
4577
4580
4580
4583
4583
4583
4583
4584
4584
4585
4587
4587
4587
4588
4589
4589
4591
4593
4593
4594
4595
4596
4597
4597
4600
4602
4602
4602
4603
4604
4604
4605
4607
4607
4612
4614
4615
4618
4618
4619
4620
4620
4626
4626
4627
4627
4627
4628
4628
4628
4628
4630
4631
4632
4636
4636
4639
4643
4645
4647
4648
4648
4648
4655
4656
4657
4658
4658
4659
4661
4662
4662
4667
4668
4675
4676
4680
4680
4681
4682
4683
4687
4689
4692
4693
4694
4696
4699
4703
4703
4703
4703
4704
4704
4706
4708
4711
4711
4712
4715
4716
4718
4719
4720
4720
4720
4723
4724
4726
4726
4728
4729
4729
4729
4729
4729
4732
4732
4732
4733
4734
4736
4736
4737
4737
4740
4741
4741
4742
4744
4746
4746
4747
4747
4748
4751
4751
4752
4753
4755
4757
4757
4758
4758
4761
4763
4764
4764
4766
4767
4770
4771
4771
4772
4772
4773
4775
4776
4781
4784
4785
4785
4788
4788
4788
4790
4791
4792
4793
4793
4794
4796
4797
4797
4799
4800
4800
4802
4805
4805
4807
4808
4808
4810
4811
4811
4815
4815
4815
4818
4818
4819
4820
4821
4821
4822
4822
4823
4827
4834
4834
4835
4841
4841
4846
4850
4852
4852
4856
4856
4857
4859
4863
4864
4864
4865
4865
4866
4866
4868
4871
4872
4873
4873
4873
4875
4875
4878
4879
4879
4879
4882
4884
4884
4885
4887
4892
4894
4894
4900
4901
4901
4902
4905
4905
4907
4908
4908
4909
4909
4910
4912
4912
4912
4913
4913
4916
4918
4919
4920
4920
4922
4922
4923
4925
4926
4926
4928
4931
4933
4935
4939
4940
4941
4941
4942
4943
4944
4944
4944
4946
4946
4947
4950
4952
4952
4954
4955
4958
4965
4966
4966
4968
4969
4971
4972
4973
4973
4974
4975
4977
4978
4979
4982
4985
4988
4988
4988
4992
4992
4993
4994
4994
4994
4995
4996
4998
5000
5007
5008
5008
5010
5010
5011
5012
5013
5014
5017
5018
5021
5021
5023
5027
5027
5027
5028
5028
5028
5029
5031
5031
5032
5035
5036
5036
5038
5038
5039
5039
5040
5042
5043
5049
5051
5052
5053
5055
5056
5056
5058
5059
5060
5065
5065
5065
5067
5070
5073
5074
5075
5075
5079
5080
5081
5084
5085
5089
5089
5090
5092
5093
5094
5096
5098
5098
5099
5103
5107
5109
5110
5111
5118
5121
5122
5127
5127
5127
5129
5131
5133
5133
5134
5138
5140
5140
5141
5142
5145
5148
5152
5152
5154
5154
5157
5159
5160
5161
5165
5168
5168
5170
5171
5173
5175
5177
5179
5179
5181
5183
5183
5184
5185
5187
5188
5189
5192
5192
5196
5197
5200
5201
5203
5207
5208
5208
5210
5210
5214
5221
5222
5223
5224
5225
5226
5226
5227
5227
5228
5228
5228
5232
5232
5235
5236
5237
5239
5239
5241
5241
5241
5243
5243
5244
5244
5244
5248
5251
5252
5258
5258
5259
5262
5263
5268
5268
5268
5271
5272
5273
5274
5275
5275
5276
5276
5277
5280
5287
5290
5292
5292
5293
5294
5296
5300
5300
5301
5302
5302
5303
5305
5305
5306
5309
5310
5310
5311
5312
5313
5313
5314
5314
5316
5321
5322
5324
5326
5328
5329
5329
5331
5333
5335
5337
5337
5338
5338
5338
5339
5345
5349
5350
5351
5353
5354
5354
5357
5358
5358
5359
5359
5363
5363
5363
5365
5366
5369
5370
5370
5372
5374
5375
5379
5381
5382
5384
5385
5386
5386
5386
5387
5387
5388
5389
5391
5392
5393
5393
5393
5394
5394
5396
5398
5398
5403
5403
5411
5411
5411
5415
5416
5417
5419
5422
5422
5430
5430
5431
5431
5434
5437
5439
5439
5439
5439
5439
5440
5440
5441
5442
5444
5445
5445
5449
5450
5453
5453
5455
5456
5457
5462
5462
5467
5469
5470
5472
5473
5476
5477
5479
5479
5480
5481
5481
5482
5485
5488
5490
5491
5492
5494
5494
5495
5497
5497
5500
5501
5501
5502
5505
5505
5505
5507
5507
5511
5512
5512
5513
5513
5514
5515
5515
5516
5516
5517
5522
5526
5528
5532
5535
5537
5538
5541
5548
5550
5551
5557
5559
5559
5559
5559
5561
5565
5566
5569
5571
5572
5573
5574
5575
5576
5577
5579
5580
5584
5584
5585
5586
5590
5591
5592
5593
5598
5601
5603
5604
5606
5607
5607
5610
5610
5611
5612
5613
5615
5616
5619
5622
5624
5627
5627
5628
5629
5632
5632
5633
5637
5638
5638
5639
5643
5644
5644
5646
5647
5648
5648
5649
5652
5653
5654
5655
5657
5657
5658
5660
5661
5663
5664
5665
5665
5667
5669
5677
5679
5679
5681
5683
5683
5687
5687
5691
5692
5696
5702
5703
5704
5704
5704
5704
5706
5708
5712
5713
5714
5714
5718
5721
5721
5721
5729
5730
5733
5734
5736
5736
5737
5739
5739
5739
5740
5741
5742
5743
5743
5744
5747
5747
5748
5748
5750
5751
5757
5758
5758
5760
5760
5761
5762
5762
5764
5766
5767
5767
5771
5771
5773
5774
5778
5779
5779
5780
5781
5781
5782
5783
5783
5783
5784
5784
5786
5789
5789
5790
5790
5792
5793
5794
5796
5796
5798
5799
5801
5802
5802
5803
5803
5803
5803
5805
5806
5808
5808
5810
5810
5811
5812
5813
5815
5817
5819
5821
5821
5824
5824
5828
5832
5833
5838
5840
5840
5842
5844
5844
5845
5845
5846
5850
5854
5855
5855
5856
5858
5858
5859
5859
5859
5861
5861
5861
5864
5866
5867
5869
5870
5872
5875
5879
5881
5882
5886
5886
5895
5896
5898
5900
5901
5902
5903
5904
5907
5907
5908
5909
5909
5910
5916
5918
5925
5925
5925
5927
5928
5931
5931
5932
5932
5933
5935
5937
5937
5938
5941
5943
5947
5947
5948
5950
5951
5954
5955
5956
5957
5957
5960
5961
5963
5964
5964
5964
5966
5967
5969
5970
5970
5973
5974
5975
5979
5980
5981
5982
5982
5982
5983
5983
5985
5988
5988
5988
5990
5995
5997
5998
5999
6004
6005
6006
6010
6010
6014
6017
6019
6019
6021
6024
6025
6029
6029
6035
6035
6035
6036
6036
6037
6037
6037
6041
6043
6045
6048
6049
6051
6052
6052
6053
6059
6060
6061
6062
6066
6067
6069
6070
6073
6076
6079
6079
6081
6082
6086
6086
6086
6086
6088
6088
6092
6093
6099
6100
6107
6110
6113
6114
6115
6117
6117
6117
6120
6122
6123
6124
6124
6125
6125
6127
6127
6132
6132
6133
6136
6137
6137
6141
6142
6143
6146
6148
6151
6151
6157
6158
6159
6161
6163
6163
6167
6168
6170
6170
6175
6178
6183
6184
6184
6189
6196
6197
6197
6199
6199
6204
6206
6206
6207
6208
6209
6210
6212
6212
6213
6219
6221
6228
6229
6229
6230
6231
6232
6233
6237
6238
6239
6247
6247
6248
6249
6251
6251
6253
6253
6253
6256
6258
6260
6261
6261
6261
6262
6266
6267
6269
6270
6270
6272
6272
6275
6276
6279
6279
6281
6281
6281
6285
6286
6289
6294
6295
6296
6297
6299
6313
6315
6319
6325
6327
6327
6330
6330
6331
6331
6332
6333
6337
6337
6339
6339
6340
6341
6341
6341
6341
6342
6343
6344
6350
6352
6355
6359
6361
6361
6364
6364
6365
6366
6367
6368
6370
6375
6376
6376
6377
6378
6381
6382
6382
6384
6394
6398
6400
6401
6402
6402
6402
6403
6403
6406
6407
6408
6408
6409
6409
6411
6413
6414
6418
6419
6423
6426
6431
6432
6434
6436
6437
6439
6441
6445
6447
6449
6451
6452
6454
6455
6455
6456
6457
6458
6459
6461
6462
6462
6465
6466
6466
6469
6470
6471
6471
6471
6472
6474
6475
6477
6479
6481
6482
6485
6488
6491
6492
6493
6495
6496
6496
6500
6504
6506
6507
6509
6511
6514
6518
6520
6521
6523
6525
6526
6526
6530
6530
6532
6532
6534
6535
6537
6539
6540
6540
6541
6541
6544
6544
6547
6548
6550
6555
6559
6560
6560
6561
6562
6564
6566
6566
6566
6567
6567
6567
6571
6575
6575
6577
6577
6579
6579
6584
6584
6586
6587
6591
6592
6593
6593
6596
6612
6613
6614
6617
6617
6617
6618
6618
6619
6620
6622
6623
6626
6630
6631
6632
6636
6637
6639
6640
6641
6641
6642
6645
6646
6648
6650
6653
6655
6658
6660
6661
6663
6667
6667
6668
6669
6670
6679
6689
6691
6693
6696
6696
6703
6704
6707
6709
6710
6712
6714
6715
6716
6717
6719
6723
6724
6724
6726
6726
6726
6733
6734
6736
6736
6737
6737
6741
6744
6746
6751
6753
6756
6760
6762
6762
6763
6764
6764
6765
6766
6769
6773
6777
6784
6784
6787
6787
6790
6790
6792
6793
6793
6794
6795
6796
6800
6803
6809
6809
6811
6812
6813
6817
6817
6818
6819
6819
6822
6827
6828
6829
6831
6833
6834
6836
6836
6836
6846
6848
6852
6854
6856
6859
6861
6863
6864
6865
6867
6868
6868
6872
6874
6874
6875
6878
6880
6883
6883
6886
6887
6887
6898
6900
6902
6902
6904
6906
6909
6910
6912
6912
6913
6916
6918
6918
6918
6921
6923
6925
6926
6926
6928
6929
6930
6931
6935
6937
6940
6941
6941
6942
6942
6944
6945
6945
6946
6947
6951
6956
6958
6965
6971
6972
6972
6973
6974
6975
6976
6979
6983
6984
6998
7002
7006
7007
7008
7009
7010
7014
7015
7021
7023
7025
7026
7030
7030
7031
7031
7033
7033
7035
7036
7039
7041
7043
7046
7047
7048
7049
7051
7053
7055
7059
7063
7070
7072
7079
7081
7084
7085
7085
7087
7090
7092
7095
7099
7102
7105
7106
7106
7107
7108
7114
7115
7121
7123
7127
7129
7130
7135
7136
7138
7139
7143
7143
7148
7149
7153
7158
7159
7161
7162
7164
7165
7165
7166
7168
7171
7173
7175
7181
7182
7182
7183
7190
7191
7197
7198
7199
7200
7201
7201
7201
7202
7204
7209
7215
7217
7217
7223
7225
7225
7225
7227
7228
7229
7230
7235
7237
7239
7242
7243
7247
7253
7255
7257
7257
7260
7262
7264
7265
7269
7270
7271
7271
7273
7274
7283
7286
7291
7292
7293
7294
7295
7299
7299
7300
7301
7302
7304
7305
7306
7307
7310
7311
7320
7321
7327
7332
7332
7335
7338
7346
7346
7350
7358
7359
7361
7366
7370
7370
7372
7373
7380
7387
7388
7388
7390
7391
7402
7403
7403
7404
7404
7416
7418
7418
7420
7421
7433
7433
7435
7436
7436
7437
7440
7442
7443
7444
7445
7448
7449
7451
7452
7455
7457
7457
7458
7458
7459
7468
7468
7471
7475
7476
7476
7477
7479
7480
7480
7481
7484
7484
7498
7500
7501
7502
7507
7509
7509
7512
7512
7513
7515
7518
7523
7524
7525
7525
7526
7527
7527
7532
7537
7542
7545
7546
7546
7556
7558
7559
7559
7560
7561
7563
7563
7564
7567
7568
7576
7579
7580
7588
7590
7591
7594
7599
7601
7603
7604
7609
7609
7615
7616
7618
7620
7620
7620
7629
7629
7630
7631
7631
7632
7643
7646
7648
7649
7652
7654
7660
7660
7660
7661
7662
7662
7665
7666
7669
7672
7682
7685
7691
7694
7697
7701
7704
7705
7706
7709
7709
7713
7714
7726
7730
7731
7731
7737
7738
7742
7747
7747
7747
7756
7762
7763
7763
7765
7765
7765
7767
7768
7769
7770
7771
7772
7772
7776
7779
7782
7786
7786
7789
7789
7790
7794
7794
7794
7796
7803
7804
7805
7809
7812
7813
7816
7816
7817
7821
7824
7825
7825
7827
7828
7831
7832
7832
7832
7834
7836
7836
7841
7847
7852
7852
7854
7856
7857
7861
7862
7868
7868
7868
7870
7874
7875
7875
7877
7877
7879
7879
7880
7880
7880
7881
7881
7883
7886
7888
7888
7890
7892
7892
7894
7895
7898
7899
7900
7902
7902
7902
7902
7903
7903
7904
7910
7910
7913
7918
7921
7932
7932
7933
7937
7938
7940
7944
7947
7953
7954
7955
7957
7958
7959
7962
7970
7976
7982
7983
7984
7991
7992
7995
8000
8000
8002
8003
8004
8004
8006
8006
8010
8011
8019
8020
8029
8029
8031
8032
8032
8033
8037
8039
8044
8045
8056
8064
8065
8068
8076
8077
8079
8090
8095
8099
8101
8102
8107
8113
8114
8117
8119
8122
8122
8126
8129
8131
8133
8134
8136
8139
8148
8150
8151
8151
8152
8154
8155
8155
8158
8161
8162
8170
8173
8178
8179
8183
8186
8187
8189
8189
8195
8197
8199
8200
8200
8204
8209
8209
8210
8216
8220
8220
8222
8223
8228
8230
8233
8234
8236
8239
8240
8242
8243
8245
8250
8258
8258
8262
8264
8267
8276
8280
8281
8284
8286
8287
8289
8289
8289
8289
8290
8290
8290
8293
8294
8297
8298
8301
8311
8316
8318
8319
8320
8320
8321
8323
8326
8328
8333
8338
8339
8339
8342
8344
8345
8346
8349
8351
8352
8362
8367
8368
8374
8375
8378
8384
8384
8386
8386
8390
8391
8396
8401
8402
8413
8415
8415
8419
8420
8422
8427
8427
8428
8431
8432
8433
8437
8437
8438
8440
8442
8444
8444
8447
8450
8456
8456
8458
8459
8462
8463
8463
8464
8464
8464
8465
8466
8468
8472
8473
8475
8476
8479
8481
8487
8492
8493
8494
8495
8498
8507
8511
8518
8523
8529
8533
8537
8540
8543
8549
8550
8550
8556
8557
8557
8563
8563
8569
8571
8572
8573
8573
8576
8577
8577
8578
8578
8579
8580
8580
8588
8590
8594
8605
8608
8611
8615
8617
8624
8625
8626
8628
8631
8632
8633
8635
8636
8636
8639
8641
8642
8651
8652
8653
8654
8655
8656
8657
8657
8659
8659
8660
8663
8666
8668
8671
8675
8675
8676
8676
8680
8681
8684
8686
8687
8688
8700
8702
8704
8706
8707
8715
8715
8720
8720
8723
8725
8727
8732
8737
8754
8755
8758
8760
8761
8764
8768
8774
8775
8775
8776
8778
8780
8783
8786
8787
8788
8795
8796
8801
8801
8802
8803
8804
8806
8809
8816
8816
8817
8822
8823
8823
8824
8827
8831
8832
8837
8838
8849
8850
8859
8861
8867
8868
8869
8869
8872
8874
8879
8886
8886
8889
8890
8892
8895
8896
8896
8897
8900
8901
8903
8906
8906
8907
8908
8910
8910
8912
8914
8915
8916
8917
8917
8919
8924
8926
8929
8930
8932
8934
8940
8941
8941
8942
8943
8946
8946
8947
8950
8959
8961
8961
8962
8967
8970
8971
8974
8976
8982
8983
8990
8997
9002
9003
9007
9008
9010
9015
9016
9017
9021
9026
9027
9028
9029
9033
9033
9035
9037
9039
9039
9042
9042
9044
9046
9046
9047
9052
9060
9063
9064
9067
9067
9075
9078
9078
9079
9081
9083
9094
9094
9095
9095
9101
9102
9104
9105
9110
9112
9114
9115
9117
9119
9121
9129
9131
9132
9133
9134
9136
9141
9143
9143
9144
9150
9152
9152
9153
9154
9154
9156
9161
9167
9168
9168
9172
9179
9179
9184
9194
9194
9198
9198
9202
9205
9206
9207
9208
9212
9220
9221
9223
9226
9229
9235
9237
9240
9241
9243
9245
9245
9247
9249
9260
9261
9267
9268
9272
9274
9275
9299
9302
9306
9314
9316
9320
9321
9321
9322
9323
9326
9328
9334
9336
9337
9338
9344
9344
9352
9352
9353
9370
9373
9377
9378
9385
9400
9403
9404
9410
9410
9411
9414
9416
9418
9419
9421
9422
9423
9424
9425
9434
9438
9439
9440
9445
9447
9450
9460
9468
9475
9476
9477
9481
9484
9486
9493
9497
9498
9503
9510
9511
9514
9514
9514
9515
9516
9524
9524
9527
9527
9531
9532
9532
9535
9536
9541
9542
9542
9543
9548
9550
9553
9557
9558
9564
9567
9568
9571
9573
9580
9584
9586
9587
9587
9590
9592
9599
9607
9608
9610
9614
9622
9630
9632
9637
9640
9644
9650
9651
9652
9652
9662
9667
9668
9682
9684
9685
9688
9694
9697
9697
9699
9703
9703
9704
9713
9724
9725
9725
9725
9726
9727
9730
9733
9733
9748
9750
9751
9756
9762
9764
9772
9773
9773
9774
9775
9776
9777
9778
9779
9780
9782
9786
9787
9789
9793
9794
9796
9800
9805
9807
9807
9811
9811
9813
9820
9824
9828
9833
9847
9848
9855
9865
9865
9869
9870
9870
9871
9878
9881
9882
9884
9884
9884
9890
9893
9895
9896
9896
9899
9903
9911
9913
9915
9916
9916
9917
9930
9931
9932
9942
9947
9950
9950
9953
9954
9958
9960
9962
9965
9966
9967
9970
9971
9974
9978
9984
9986
9987
9988
9994
10006
10006
10015
10017
10028
10031
10032
10033
10034
10040
10041
10049
10058
10060
10061
10062
10066
10067
10075
10078
10081
10090
10090
10091
10092
10094
10095
10099
10102
10106
10111
10112
10120
10120
10124
10125
10125
10128
10129
10135
10136
10136
10141
10146
10147
10154
10157
10159
10160
10161
10162
10164
10166
10168
10174
10184
10186
10193
10200
10201
10202
10216
10216
10222
10223
10223
10224
10227
10235
10241
10244
10245
10248
10254
10268
10269
10271
10273
10290
10291
10292
10293
10295
10297
10303
10309
10309
10310
10315
10315
10318
10334
10343
10346
10348
10358
10363
10364
10365
10365
10368
10371
10376
10379
10384
10389
10389
10391
10391
10392
10392
10394
10398
10402
10406
10410
10413
10417
10419
10421
10423
10426
10430
10430
10430
10433
10433
10434
10438
10438
10440
10442
10442
10447
10450
10452
10455
10456
10460
10460
10465
10468
10469
10471
10471
10474
10476
10487
10488
10490
10492
10499
10499
10510
10520
10521
10524
10526
10529
10530
10532
10533
10534
10536
10539
10540
10541
10546
10549
10552
10555
10555
10555
10563
10565
10566
10572
10573
10576
10578
10578
10579
10588
10589
10590
10601
10601
10605
10607
10610
10610
10612
10621
10622
10627
10629
10632
10633
10636
10638
10639
10644
10647
10648
10649
10658
10661
10662
10667
10668
10669
10673
10679
10680
10682
10685
10690
10692
10692
10694
10697
10698
10703
10704
10706
10710
10720
10722
10726
10729
10729
10730
10731
10731
10734
10738
10748
10750
10754
10755
10760
10760
10763
10775
10785
10801
10802
10809
10819
10821
10835
10837
10843
10844
10846
10852
10856
10860
10871
10875
10876
10878
10885
10887
10890
10898
10901
10902
10917
10919
10923
10930
10931
10938
10938
10941
10948
10949
10949
10960
10961
10963
10967
10970
10971
10980
10980
10984
10984
10987
10995
10997
11004
11006
11006
11008
11011
11024
11025
11027
11027
11034
11051
11068
11072
11073
11073
11087
11091
11091
11111
11122
11123
11124
11124
11124
11127
11128
11129
11139
11140
11142
11145
11148
11152
11158
11160
11160
11162
11165
11166
11168
11174
11193
11193
11196
11199
11199
11210
11213
11215
11218
11220
11220
11227
11230
11232
11233
11234
11236
11239
11240
11242
11242
11243
11244
11248
11248
11258
11261
11268
11274
11274
11279
11279
11281
11298
11305
11317
11323
11327
11351
11355
11360
11366
11370
11371
11383
11387
11389
11389
11390
11391
11392
11393
11402
11404
11405
11406
11406
11407
11414
11414
11417
11421
11424
11426
11437
11440
11443
11447
11449
11449
11449
11450
11453
11454
11455
11455
11458
11462
11463
11471
11472
11481
11483
11485
11486
11489
11498
11498
11499
11510
11515
11532
11538
11541
11543
11549
11550
11551
11552
11555
11561
11561
11566
11570
11591
11600
11603
11606
11610
11612
11614
11615
11623
11625
11628
11630
11641
11645
11657
11658
11669
11673
11675
11681
11687
11693
11694
11694
11699
11700
11703
11705
11705
11710
11712
11715
11719
11723
11724
11731
11734
11742
11749
11751
11753
11754
11759
11760
11767
11769
11776
11777
11782
11783
11783
11786
11790
11794
11801
11805
11811
11812
11813
11822
11833
11837
11844
11851
11851
11852
11855
11857
11874
11876
11877
11885
11888
11890
11892
11895
11902
11902
11904
11910
11916
11925
11931
11935
11938
11941
11943
11944
11951
11954
11956
11968
11970
11972
11982
11982
11982
11989
11993
11997
11999
12003
12008
12009
12009
12012
12013
12014
12023
12037
12038
12050
12058
12063
12063
12065
12066
12067
12069
12071
12073
12074
12075
12076
12084
12089
12095
12099
12109
12112
12114
12116
12122
12129
12129
12134
12134
12146
12148
12148
12151
12159
12165
12165
12166
12167
12171
12178
12179
12180
12181
12185
12189
12200
12207
12209
12220
12224
12226
12226
12231
12236
12240
12254
12257
12258
12261
12262
12268
12276
12280
12285
12287
12288
12288
12293
12296
12301
12312
12313
12313
12317
12318
12321
12322
12323
12324
12329
12333
12335
12337
12340
12353
12357
12360
12362
12365
12380
12381
12385
12386
12389
12419
12420
12421
12429
12431
12435
12435
12436
12440
12441
12442
12443
12444
12457
12464
12470
12484
12487
12495
12496
12500
12500
12506
12516
12528
12529
12529
12537
12544
12549
12562
12563
12566
12569
12570
12572
12577
12578
12579
12585
12593
12597
12602
12604
12623
12625
12626
12635
12638
12639
12640
12659
12664
12665
12667
12673
12678
12683
12686
12693
12705
12706
12709
12716
12716
12728
12728
12731
12731
12744
12756
12767
12769
12770
12772
12775
12784
12793
12799
12816
12822
12825
12834
12834
12834
12834
12838
12840
12844
12844
12852
12855
12861
12865
12866
12869
12879
12893
12900
12907
12908
12917
12921
12923
12925
12927
12928
12933
12946
12957
12964
12965
12973
12974
12982
12994
12999
13001
13005
13007
13016
13019
13019
13022
13022
13029
13033
13033
13039
13040
13049
13064
13066
13068
13070
13072
13076
13077
13078
13082
13087
13087
13089
13096
13101
13101
13111
13113
13116
13121
13126
13131
13138
13143
13143
13151
13156
13163
13168
13169
13174
13176
13176
13178
13179
13181
13185
13208
13212
13213
13214
13218
13220
13228
13228
13228
13232
13237
13238
13242
13243
13253
13256
13261
13262
13264
13267
13280
13287
13293
13298
13303
13303
13306
13308
13309
13312
13319
13321
13323
13325
13334
13359
13360
13364
13367
13384
13393
13394
13407
13412
13414
13421
13422
13426
13439
13445
13447
13456
13464
13467
13470
13475
13476
13481
13484
13485
13485
13496
13499
13499
13503
13503
13514
13521
13523
13527
13528
13529
13539
13547
13549
13550
13554
13556
13559
13562
13563
13572
13583
13598
13599
13610
13616
13624
13629
13644
13657
13658
13663
13666
13667
13668
13688
13702
13702
13704
13707
13710
13712
13713
13713
13715
13718
13724
13731
13735
13736
13738
13741
13752
13763
13793
13795
13797
13799
13800
13815
13815
13817
13822
13823
13823
13834
13840
13840
13848
13849
13851
13854
13865
13878
13889
13891
13892
13895
13903
13906
13911
13915
13926
13929
13948
13950
13959
13967
13967
13969
13971
13977
13980
13999
14000
14004
14005
14015
14018
14022
14029
14032
14046
14049
14050
14050
14063
14067
14074
14083
14087
14090
14102
14107
14109
14112
14115
14122
14124
14146
14155
14161
14163
14167
14168
14168
14171
14179
14180
14189
14189
14195
14197
14204
14204
14213
14218
14228
14236
14237
14239
14241
14243
14249
14256
14259
14266
14266
14269
14272
14280
14290
14290
14290
14304
14311
14317
14322
14326
14328
14330
14331
14332
14333
14343
14368
14369
14369
14381
14383
14384
14397
14412
14412
14418
14420
14422
14428
14429
14432
14452
14453
14454
14455
14459
14460
14469
14471
14481
14483
14493
14499
14499
14518
14522
14571
14573
14581
14584
14634
14640
14646
14648
14681
14694
14697
14703
14703
14708
14725
14727
14731
14732
14733
14744
14747
14754
14756
14760
14764
14771
14790
14807
14820
14830
14832
14837
14848
14849
14851
14856
14857
14857
14857
14857
14863
14893
14901
14903
14917
14919
14920
14924
14945
14947
14947
14951
14959
14963
14967
14983
14991
14992
14997
14997
15001
15011
15012
15013
15014
15019
15024
15035
15039
15043
15043
15044
15050
15056
15074
15078
15085
15090
15106
15115
15121
15124
15127
15132
15137
15152
15155
15157
15158
15158
15171
15179
15181
15191
15193
15195
15200
15207
15209
15214
15215
15233
15246
15247
15262
15263
15286
15288
15290
15295
15317
15320
15330
15334
15337
15341
15344
15351
15355
15359
15365
15377
15377
15377
15377
15382
15391
15394
15429
15430
15433
15443
15468
15486
15488
15494
15502
15524
15530
15537
15543
15562
15562
15565
15596
15605
15610
15614
15617
15647
15650
15659
15666
15670
15676
15684
15688
15691
15692
15696
15700
15712
15714
15715
15720
15723
15730
15736
15742
15744
15755
15798
15806
15813
15817
15820
15829
15833
15834
15835
15838
15845
15850
15860
15864
15878
15899
15922
15935
15948
15967
15982
15983
15987
15988
15992
15998
16001
16026
16042
16053
16054
16058
16064
16084
16087
16089
16090
16091
16091
16096
16106
16142
16150
16166
16181
16194
16195
16210
16219
16229
16247
16264
16269
16274
16278
16285
16293
16295
16296
16303
16306
16321
16329
16340
16353
16356
16362
16375
16389
16390
16406
16408
16416
16416
16416
16417
16418
16420
16427
16428
16434
16437
16443
16449
16453
16467
16469
16474
16480
16492
16496
16497
16519
16523
16541
16565
16568
16578
16580
16584
16593
16599
16603
16617
16627
16636
16639
16645
16659
16661
16672
16673
16690
16708
16730
16731
16733
16734
16738
16773
16786
16792
16793
16808
16844
16867
16869
16870
16890
16892
16893
16894
16909
16913
16936
16949
16950
16958
16978
16999
17000
17001
17007
17013
17021
17034
17052
17055
17061
17073
17076
17078
17080
17094
17130
17142
17143
17145
17153
17159
17176
17178
17179
17184
17208
17212
17216
17219
17224
17231
17243
17282
17317
17320
17328
17331
17334
17335
17348
17352
17359
17363
17364
17368
17371
17391
17395
17417
17426
17429
17442
17443
17452
17465
17467
17484
17489
17493
17497
17502
17505
17511
17514
17535
17545
17552
17562
17580
17592
17592
17599
17601
17632
17647
17650
17653
17656
17656
17678
17686
17687
17688
17705
17717
17723
17752
17768
17774
17782
17785
17794
17816
17821
17839
17854
17866
17870
17875
17879
17894
17899
17900
17908
17921
17938
17944
17953
17954
18018
18022
18042
18044
18047
18047
18066
18072
18087
18109
18115
18121
18122
18145
18146
18169
18171
18174
18180
18184
18203
18211
18220
18220
18230
18241
18241
18243
18245
18260
18266
18282
18285
18319
18324
18333
18336
18338
18357
18387
18398
18412
18449
18450
18458
18461
18468
18471
18478
18479
18512
18523
18532
18548
18548
18555
18570
18581
18593
18600
18604
18608
18608
18620
18642
18662
18679
18682
18687
18697
18738
18773
18778
18787
18798
18800
18801
18807
18809
18813
18827
18828
18832
18836
18862
18863
18873
18885
18891
18899
18918
18920
18938
18964
18969
19010
19033
19039
19046
19091
19119
19120
19122
19127
19128
19139
19148
19155
19158
19187
19187
19203
19204
19213
19217
19224
19246
19249
19264
19270
19284
19294
19300
19326
19329
19362
19371
19376
19383
19391
19393
19410
19444
19493
19513
19537
19563
19581
19581
19600
19604
19617
19628
19651
19663
19663
19678
19711
19718
19723
19739
19758
19762
19811
19825
19828
19835
19837
19839
19845
19886
19914
19932
19942
19943
19945
19960
19975
19982
20007
20029
20041
20050
20067
20073
20074
20076
20080
20097
20102
20103
20110
20113
20135
20143
20161
20162
20166
20175
20180
20186
20193
20214
20217
20222
20275
20306
20320
20321
20323
20334
20340
20347
20383
20386
20393
20395
20429
20438
20458
20471
20490
20507
20526
20536
20536
20542
20556
20589
20610
20612
20620
20626
20660
20671
20701
20730
20768
20787
20799
20802
20845
20875
20919
20921
20922
20923
20944
20967
20976
20986
21008
21013
21016
21020
21024
21047
21094
21127
21152
21186
21212
21255
21288
21312
21330
21342
21397
21399
21417
21417
21447
21449
21454
21480
21491
21527
21530
21598
21605
21630
21640
21656
21680
21720
21733
21736
21738
21758
21775
21787
21861
21917
21919
21923
21927
21928
21942
21954
21972
22010
22064
22128
22136
22168
22177
22213
22238
22296
22311
22342
22372
22387
22392
22392
22394
22400
22401
22480
22497
22502
22517
22532
22537
22538
22539
22565
22567
22570
22589
22602
22612
22624
22688
22711
22740
22742
22764
22781
22836
22846
22847
22856
22889
22917
22922
22930
22943
22953
23022
23033
23050
23055
23071
23094
23106
23109
23195
23199
23204
23210
23230
23241
23249
23251
23358
23362
23362
23375
23377
23391
23418
23432
23436
23467
23493
23516
23555
23590
23604
23613
23638
23646
23651
23688
23689
23691
23804
23888
23911
23938
23960
23984
23998
24008
24034
24096
24097
24106
24107
24111
24198
24213
24229
24230
24231
24252
24299
24300
24315
24327
24335
24354
24376
24380
24390
24405
24413
24436
24446
24450
24457
24470
24504
24516
24518
24547
24563
24594
24631
24632
24657
24725
24738
24769
24797
24815
24832
24836
24863
24875
24877
24889
24891
24916
24925
24926
24962
24964
25030
25043
25072
25097
25174
25191
25206
25206
25271
25295
25384
25416
25418
25422
25511
25526
25541
25579
25636
25657
25702
25705
25708
25731
25745
25832
25856
25895
25942
25962
25963
25975
26093
26111
26176
26181
26243
26260
26282
26304
26336
26381
26522
26546
26567
26582
26631
26646
26673
26675
26738
26783
26803
26812
26818
26900
26974
26992
27027
27035
27035
27039
27039
27064
27068
27086
27137
27160
27214
27268
27280
27289
27317
27350
27355
27387
27388
27395
27428
27480
27491
27497
27517
27528
27535
27541
27557
27633
27652
27697
27736
27749
27877
27908
27922
27958
27980
28027
28073
28122
28128
28169
28247
28304
28305
28315
28315
28389
28401
28430
28439
28443
28481
28595
28660
28661
28685
28693
28699
28703
28712
28728
28812
28879
28885
28930
28962
28964
28991
28998
29005
29049
29094
29110
29167
29183
29341
29376
29426
29460
29648
29701
29720
29749
29764
29774
29805
29832
29837
29874
29964
29990
30002
30092
30152
30200
30273
30273
30284
30303
30356
30490
30502
30558
30617
30676
30711
30712
30755
30887
30917
30981
31060
31065
31094
31165
31167
31280
31294
31306
31406
31451
31466
31480
31481
31670
31768
31850
31888
31946
31953
31958
32010
32066
32073
32108
32144
32253
32269
32354
32386
32432
32480
32487
32510
32511
32536
32572
32592
32614
32643
32693
32710
32766
32825
32944
33016
33186
33351
33512
33598
33658
33663
33746
33775
33828
33899
33910
33966
34062
34146
34181
34257
34341
34419
34628
34675
34691
34702
34715
34754
34924
34961
34984
34987
35014
35093
35157
35201
35263
35311
35325
35356
35517
35560
35583
35651
35671
35691
35788
35840
35948
35962
36367
36393
36401
36514
36534
36688
36693
36714
36764
36768
36780
36838
36905
36906
37004
37014
37092
37100
37148
37160
37172
37223
37281
37289
37307
37308
37327
37331
37393
37486
37518
37582
37622
37658
37701
37716
37802
37811
37846
37940
38054
38194
38220
38292
38334
38424
38483
38560
38583
38620
38673
38791
38905
38947
38963
39027
39037
39052
39077
39198
39211
39275
39281
39507
39524
39761
39800
39860
39887
39901
39907
39984
40042
40044
40154
40180
40182
40217
40339
40412
40543
40597
40623
40644
40746
40849
40926
40954
40975
41065
41191
41258
41282
41303
41328
41360
41390
41394
41585
41626
41733
41773
41781
41793
41811
41817
41838
41921
42037
42233
42306
42412
42429
42495
42711
42782
42981
43062
43111
43297
43383
43607
43677
43678
43714
43779
43831
43949
44102
44264
44278
44279
44325
44429
44727
44750
44887
44985
45036
45187
45482
45613
45660
45975
46040
46091
46140
46183
46350
46469
46655
46711
46843
47526
47566
47585
47709
47821
48176
48179
48353
48390
48513
48654
49282
50101
50467
50503
51133
51443
51482
51623
51783
52104
52479
52514
53049
53170
53239
53570
53591
54275
54433
54594
54603
54813
55280
55509
55707
55826
55971
56024
56030
56517
56579
56677
56731
56895
56906
57075
57395
58172
58500
58584
58600
59251
59888
60127
60399
60814
60985
61078
61223
61223
61305
61405
61613
61661
62133
62259
62299
62923
63230
63359
64088
64390
64792
64853
65209
65385
65568
66517
67613
68421
69151
69396
69576
73403
73419
73502
73533
73908
74826
76021
78198
79849
80335
81694
82988
85153
85331
85784
104001
104289
104591
104766
105082
105579
105760
106497
107208
107737
109101
109277
109454
109769
109879
110145
110570
110987
112220
112509
112690
116552
116741
116928
117415
118511
119469
119671
119852
120028
120179
120324
123734
124880
128323
129684
131628
132882
135359
139975
141455
143582
143705
144354
144518
144750
