






1
1
1
1
1
1
1
1
1
1
2
2
2
2
2
3
3
4
4
5
5
5
5
6
6
6
7
8
9
9
11
11
12
12
14
15
15
19
19
20
21
21
23
23
25
25
25
26
26
26
26
28
28
28
29
29
30
31
31
32
32
33
34
34
37
37
37
39
39
39
42
43
45
45
46
47
47
47
50
51
52
52
52
53
53
56
57
59
60
60
61
61
61
63
63
65
65
65
66
67
68
68
68
68
69
69
70
70
71
72
72
73
73
74
74
75
76
76
76
77
78
78
78
79
81
81
83
83
84
84
85
86
88
89
90
90
90
91
92
92
93
94
96
96
98
99
99
100
101
101
102
105
105
106
107
107
107
107
107
108
109
109
110
110
111
111
114
115
115
115
117
118
118
118
118
120
121
124
124
125
125
125
126
126
127
127
127
127
129
129
130
130
130
131
131
131
131
131
131
133
133
135
135
137
137
139
140
141
141
141
141
143
144
144
145
145
146
148
149
151
153
153
154
155
156
158
158
160
161
161
162
162
164
165
165
165
167
167
167
167
168
169
169
170
171
172
173
175
176
176
176
177
177
178
179
179
180
180
183
184
187
187
188
189
189
191
191
192
193
193
197
197
197
197
198
198
199
199
200
201
201
202
202
203
205
206
208
208
210
210
211
211
212
213
213
216
216
216
217
217
217
218
218
220
222
223
223
225
226
228
228
229
229
229
231
232
233
233
235
236
237
237
238
242
243
244
246
246
246
247
247
248
248
249
249
249
249
249
250
251
252
252
252
253
255
255
257
259
261
263
265
266
266
266
266
267
268
268
268
270
270
271
274
274
274
274
274
276
276
276
277
279
280
280
281
281
283
284
284
285
285
285
285
286
286
286
287
287
287
288
288
293
295
296
297
297
298
299
300
301
302
303
303
305
305
305
306
307
308
309
310
310
312
312
313
313
315
315
315
315
315
315
316
317
317
318
319
319
320
321
321
322
323
323
324
324
325
325
326
326
327
328
329
330
332
332
332
333
334
335
335
335
335
336
336
336
337
337
339
340
341
341
342
343
343
344
344
345
346
347
347
348
348
348
348
349
349
349
350
350
350
351
351
351
353
354
355
357
358
358
358
359
359
360
362
363
365
366
366
366
367
367
368
370
371
372
373
374
374
374
374
375
376
377
380
380
380
380
381
382
382
382
382
383
383
384
386
389
389
389
389
390
391
392
394
394
394
395
395
396
397
397
397
398
398
398
399
399
400
400
403
403
404
405
406
406
408
408
409
410
411
412
412
414
414
417
417
418
418
418
419
420
421
422
422
422
425
426
429
429
430
430
430
431
431
432
433
433
435
436
437
437
439
443
444
446
446
446
446
447
447
449
449
450
450
450
451
452
452
453
453
453
454
454
456
457
458
458
459
459
459
459
459
460
461
462
462
463
463
465
466
466
466
467
467
467
467
468
469
469
470
471
471
471
472
473
474
474
474
474
475
475
476
476
477
477
478
480
481
481
482
486
487
487
488
489
489
490
491
492
492
492
492
492
492
492
493
493
494
494
494
495
497
497
498
498
498
498
499
499
500
500
500
500
500
501
502
502
503
504
505
506
507
507
509
509
510
510
511
511
512
514
514
514
515
516
516
518
519
519
519
520
520
521
521
522
522
522
525
529
529
529
530
530
532
532
533
533
534
535
535
535
537
537
537
540
540
541
541
541
542
542
543
543
544
544
547
547
549
550
550
550
551
552
552
553
553
553
555
556
557
558
558
559
559
559
559
559
560
560
561
562
563
563
563
565
566
566
567
568
568
569
569
570
570
571
572
572
574
575
575
575
575
577
578
578
578
579
580
581
582
583
584
585
587
588
588
588
589
589
589
589
590
590
590
590
591
591
592
592
592
593
594
594
596
597
597
597
599
599
602
603
603
603
604
604
605
605
605
605
606
606
606
606
607
608
608
610
610
611
611
611
612
612
614
614
615
616
616
617
617
618
620
621
621
621
624
625
627
627
628
628
629
630
630
630
631
631
631
632
633
633
633
634
634
634
634
635
635
636
636
637
637
638
638
638
640
641
641
642
642
643
643
645
646
650
651
651
651
652
652
652
652
652
655
655
656
656
657
657
658
658
659
659
659
659
660
660
661
664
664
664
668
669
670
670
671
672
672
673
673
675
675
676
676
677
677
677
679
679
680
681
681
683
683
683
685
686
687
687
688
688
690
690
691
691
691
691
692
692
692
692
692
693
693
693
694
695
697
698
698
698
701
702
704
704
704
705
705
706
706
706
706
707
707
709
709
709
710
710
710
711
711
712
712
713
714
715
716
716
717
717
718
718
719
719
720
720
722
722
722
723
723
725
725
726
726
728
728
730
730
732
733
734
735
736
736
736
736
736
737
739
740
740
740
742
742
743
744
745
746
747
748
751
752
752
752
752
754
754
754
755
755
756
757
758
758
758
760
761
761
761
761
762
762
763
764
764
765
765
765
766
766
767
768
768
769
769
769
770
770
772
772
772
773
773
774
775
775
775
776
776
777
777
777
777
778
778
778
778
778
779
779
780
780
780
780
781
782
783
785
786
786
786
787
787
788
789
789
789
791
791
791
794
795
796
797
797
798
798
799
799
799
801
802
802
802
802
803
803
804
806
806
807
809
810
810
810
812
814
814
817
817
818
818
819
819
820
820
822
823
823
824
824
824
825
825
827
828
828
828
828
829
831
831
832
832
832
833
833
834
834
834
836
837
838
838
839
840
841
842
842
843
843
843
843
843
843
844
845
845
845
845
846
850
850
850
850
852
853
854
855
855
855
858
858
859
859
859
859
859
860
860
862
864
866
866
866
867
867
867
868
868
870
870
870
873
873
876
876
877
877
878
878
878
879
879
879
880
880
881
881
881
881
883
884
884
884
886
886
886
886
887
888
888
888
889
890
890
890
891
891
891
894
894
897
897
897
898
899
899
900
901
902
903
903
903
903
904
904
904
905
906
906
908
910
911
911
911
912
912
913
913
913
916
916
916
916
917
919
920
920
922
922
922
923
924
925
925
925
927
928
929
930
930
931
931
931
932
932
932
932
932
933
935
936
937
937
937
938
938
940
941
941
942
942
942
942
942
942
943
943
944
944
945
947
947
948
949
949
950
951
952
952
953
953
953
954
954
954
954
956
956
959
959
960
960
961
961
961
962
962
962
963
963
963
964
964
964
964
964
968
968
970
970
971
971
972
972
973
974
975
975
976
976
978
979
979
982
982
984
985
985
985
986
986
987
987
988
988
991
991
993
994
996
999
1000
1001
1002
1002
1003
1003
1004
1005
1006
1006
1006
1006
1007
1008
1008
1009
1009
1010
1010
1011
1011
1012
1012
1013
1015
1015
1015
1017
1017
1018
1018
1018
1019
1019
1019
1020
1020
1020
1021
1022
1022
1023
1023
1024
1024
1025
1025
1026
1027
1027
1028
1029
1029
1029
1030
1030
1030
1031
1031
1032
1033
1034
1034
1034
1036
1036
1036
1037
1038
1039
1040
1040
1040
1041
1041
1042
1043
1044
1045
1046
1047
1047
1048
1048
1049
1049
1049
1050
1051
1052
1053
1053
1053
1054
1054
1054
1055
1055
1055
1056
1058
1060
1060
1060
1063
1063
1064
1064
1064
1065
1065
1065
1065
1066
1067
1068
1068
1070
1070
1070
1071
1072
1072
1072
1074
1074
1074
1075
1075
1077
1079
1080
1081
1083
1083
1083
1083
1084
1084
1085
1087
1087
1088
1088
1088
1088
1089
1093
1094
1095
1095
1096
1096
1098
1100
1101
1101
1102
1103
1103
1104
1104
1105
1105
1105
1105
1106
1106
1106
1108
1108
1108
1109
1109
1110
1110
1111
1112
1115
1116
1116
1117
1117
1118
1118
1121
1121
1122
1122
1122
1123
1124
1125
1127
1127
1129
1129
1130
1133
1134
1134
1134
1135
1138
1138
1138
1139
1139
1140
1140
1142
1143
1143
1144
1145
1145
1146
1149
1149
1149
1149
1150
1150
1152
1152
1152
1153
1153
1154
1154
1154
1155
1156
1158
1158
1158
1159
1159
1159
1160
1160
1161
1161
1162
1164
1165
1165
1166
1166
1167
1168
1168
1170
1170
1171
1171
1172
1173
1173
1175
1175
1176
1176
1176
1176
1176
1176
1177
1177
1178
1178
1178
1180
1182
1182
1182
1183
1183
1183
1184
1184
1184
1186
1187
1187
1189
1189
1189
1190
1194
1195
1195
1195
1196
1196
1196
1197
1199
1199
1200
1200
1200
1202
1203
1203
1203
1204
1205
1206
1208
1212
1214
1214
1214
1215
1215
1217
1217
1218
1219
1219
1220
1220
1221
1221
1221
1221
1221
1222
1223
1226
1227
1227
1228
1228
1228
1229
1229
1230
1230
1230
1230
1230
1231
1232
1233
1233
1234
1234
1234
1235
1235
1236
1237
1238
1239
1240
1241
1243
1243
1244
1244
1245
1249
1250
1250
1250
1251
1251
1252
1253
1253
1255
1256
1256
1256
1256
1257
1259
1259
1259
1260
1260
1261
1261
1261
1261
1262
1263
1264
1264
1265
1266
1266
1267
1268
1268
1271
1272
1273
1274
1275
1275
1275
1276
1277
1278
1279
1279
1280
1282
1282
1283
1283
1284
1284
1285
1286
1286
1286
1287
1288
1289
1289
1290
1290
1290
1291
1292
1296
1296
1296
1296
1297
1298
1298
1300
1302
1304
1305
1305
1305
1305
1306
1307
1307
1309
1309
1311
1311
1312
1314
1315
1317
1317
1319
1320
1321
1321
1322
1323
1323
1323
1325
1325
1328
1330
1330
1330
1330
1331
1331
1331
1333
1333
1333
1334
1334
1335
1336
1337
1337
1338
1339
1339
1339
1339
1340
1340
1340
1341
1341
1341
1342
1342
1342
1343
1343
1343
1346
1346
1348
1350
1350
1350
1351
1352
1352
1352
1353
1353
1354
1354
1354
1354
1355
1355
1355
1356
1357
1358
1358
1358
1359
1359
1359
1359
1360
1361
1362
1363
1363
1363
1364
1365
1367
1367
1367
1368
1368
1369
1369
1370
1370
1370
1371
1372
1372
1373
1373
1374
1375
1376
1377
1377
1378
1379
1380
1380
1381
1382
1383
1383
1384
1386
1387
1387
1389
1389
1389
1390
1392
1393
1393
1396
1396
1397
1397
1397
1397
1397
1398
1399
1399
1400
1400
1400
1400
1401
1401
1401
1407
1408
1408
1408
1409
1409
1410
1411
1411
1413
1413
1414
1414
1414
1415
1415
1415
1416
1419
1420
1420
1422
1423
1424
1424
1427
1427
1428
1429
1429
1429
1430
1430
1432
1432
1433
1433
1434
1435
1438
1439
1440
1441
1441
1441
1442
1443
1444
1445
1445
1446
1447
1448
1449
1449
1450
1452
1452
1453
1454
1455
1456
1456
1460
1464
1464
1464
1466
1469
1469
1472
1472
1472
1475
1476
1476
1476
1477
1477
1479
1479
1479
1479
1480
1480
1481
1481
1482
1483
1485
1485
1486
1486
1486
1488
1489
1491
1491
1492
1492
1493
1494
1495
1496
1499
1499
1499
1500
1501
1503
1505
1505
1507
1509
1509
1509
1509
1510
1511
1511
1511
1512
1512
1513
1513
1514
1514
1515
1515
1516
1516
1518
1519
1519
1519
1521
1522
1523
1523
1526
1526
1527
1527
1528
1529
1529
1531
1533
1535
1535
1535
1536
1536
1537
1537
1537
1539
1540
1541
1541
1542
1544
1545
1546
1547
1547
1550
1551
1552
1553
1554
1554
1554
1554
1555
1555
1556
1560
1560
1560
1561
1562
1564
1565
1565
1566
1568
1568
1569
1570
1570
1571
1572
1575
1575
1575
1577
1578
1578
1579
1581
1581
1581
1581
1582
1582
1583
1583
1584
1584
1584
1586
1586
1590
1592
1592
1593
1595
1596
1596
1596
1597
1599
1599
1600
1600
1600
1601
1603
1603
1605
1606
1607
1607
1608
1609
1609
1610
1611
1611
1612
1612
1612
1612
1613
1614
1616
1617
1617
1618
1618
1618
1621
1621
1622
1623
1623
1624
1624
1624
1625
1625
1625
1626
1628
1631
1634
1634
1634
1634
1636
1636
1638
1638
1638
1640
1641
1641
1643
1643
1645
1646
1647
1647
1648
1649
1651
1651
1652
1653
1654
1655
1656
1658
1661
1662
1664
1664
1665
1666
1667
1668
1669
1669
1670
1670
1670
1671
1673
1673
1673
1673
1674
1674
1675
1675
1676
1679
1680
1681
1681
1682
1682
1683
1683
1684
1685
1685
1687
1688
1689
1689
1689
1689
1690
1690
1691
1692
1692
1692
1694
1694
1697
1697
1697
1698
1699
1699
1700
1701
1701
1701
1703
1703
1704
1704
1705
1706
1708
1708
1711
1711
1711
1714
1714
1714
1715
1715
1716
1716
1717
1717
1718
1719
1719
1719
1719
1721
1721
1722
1723
1724
1725
1725
1725
1726
1726
1726
1727
1730
1731
1732
1732
1733
1734
1735
1736
1737
1737
1738
1738
1739
1739
1739
1740
1740
1741
1742
1742
1742
1743
1743
1744
1745
1745
1745
1747
1748
1752
1753
1753
1753
1755
1756
1756
1757
1757
1758
1759
1759
1759
1760
1760
1761
1761
1762
1762
1762
1763
1763
1764
1764
1765
1765
1766
1766
1767
1768
1768
1770
1772
1774
1775
1775
1775
1776
1777
1778
1778
1778
1780
1781
1781
1783
1783
1785
1787
1787
1789
1789
1790
1791
1792
1792
1793
1794
1795
1795
1797
1797
1800
1801
1802
1803
1803
1803
1804
1805
1805
1806
1808
1808
1808
1810
1811
1812
1813
1814
1815
1815
1817
1817
1817
1818
1818
1819
1819
1819
1820
1820
1821
1822
1822
1824
1826
1827
1827
1827
1828
1830
1832
1833
1833
1834
1834
1839
1840
1840
1840
1841
1842
1843
1844
1844
1844
1844
1845
1845
1845
1846
1847
1847
1848
1848
1849
1849
1851
1854
1854
1854
1855
1855
1857
1858
1858
1859
1860
1860
1861
1861
1864
1867
1868
1869
1869
1870
1871
1872
1872
1873
1873
1874
1874
1875
1875
1876
1877
1879
1879
1879
1881
1881
1882
1883
1883
1884
1885
1885
1889
1889
1889
1889
1890
1892
1892
1892
1892
1893
1894
1896
1899
1900
1900
1901
1901
1901
1902
1903
1903
1903
1903
1904
1905
1906
1906
1907
1908
1908
1908
1909
1909
1909
1909
1911
1913
1913
1913
1919
1919
1920
1920
1923
1923
1924
1925
1925
1925
1926
1926
1926
1927
1928
1928
1928
1928
1929
1929
1931
1931
1932
1932
1934
1934
1938
1938
1938
1938
1938
1939
1939
1941
1941
1943
1943
1943
1945
1946
1946
1946
1948
1949
1949
1950
1951
1951
1952
1953
1955
1956
1956
1957
1957
1957
1958
1958
1958
1960
1961
1963
1964
1965
1967
1967
1969
1970
1970
1971
1974
1975
1976
1977
1977
1978
1978
1978
1978
1978
1980
1982
1984
1984
1986
1987
1987
1988
1988
1988
1989
1989
1992
1992
1995
1995
1996
1997
1999
2001
2001
2002
2004
2007
2008
2008
2011
2012
2012
2013
2014
2015
2016
2018
2018
2020
2020
2022
2024
2024
2025
2025
2026
2027
2027
2027
2028
2029
2030
2030
2033
2036
2037
2038
2038
2039
2039
2039
2039
2040
2041
2041
2041
2041
2042
2042
2044
2045
2045
2045
2046
2046
2046
2047
2048
2050
2050
2051
2052
2053
2054
2056
2056
2056
2057
2059
2059
2060
2060
2061
2061
2067
2068
2069
2069
2069
2070
2073
2074
2074
2074
2074
2076
2076
2077
2078
2079
2079
2080
2080
2081
2082
2083
2084
2084
2085
2086
2087
2090
2090
2092
2092
2092
2094
2095
2096
2096
2097
2098
2099
2100
2100
2101
2102
2102
2103
2103
2105
2105
2106
2106
2106
2107
2110
2113
2114
2114
2114
2115
2115
2115
2116
2117
2118
2118
2119
2119
2119
2121
2121
2121
2123
2124
2125
2126
2126
2129
2129
2130
2130
2131
2131
2131
2132
2135
2135
2135
2137
2137
2137
2137
2139
2139
2139
2140
2140
2140
2141
2141
2142
2144
2146
2146
2150
2150
2150
2151
2152
2153
2154
2157
2159
2161
2162
2162
2164
2164
2164
2164
2165
2166
2167
2170
2171
2173
2173
2175
2178
2180
2181
2183
2185
2185
2186
2186
2187
2188
2188
2189
2190
2190
2190
2191
2192
2192
2192
2192
2192
2194
2195
2195
2195
2196
2198
2198
2198
2199
2202
2202
2202
2202
2202
2206
2207
2208
2208
2208
2208
2209
2209
2209
2210
2210
2212
2214
2215
2216
2218
2219
2221
2221
2222
2226
2228
2228
2230
2231
2233
2233
2235
2235
2236
2236
2238
2238
2239
2239
2239
2239
2241
2241
2241
2244
2244
2247
2247
2248
2248
2249
2250
2251
2251
2251
2252
2253
2254
2255
2256
2257
2257
2258
2259
2260
2261
2262
2263
2264
2266
2268
2269
2269
2270
2272
2272
2273
2273
2274
2275
2276
2277
2278
2278
2279
2284
2286
2286
2288
2289
2290
2290
2292
2293
2297
2299
2299
2300
2300
2300
2300
2301
2301
2303
2304
2306
2307
2307
2307
2309
2309
2310
2310
2312
2313
2314
2318
2318
2321
2321
2322
2323
2324
2328
2328
2331
2332
2332
2333
2334
2335
2335
2336
2336
2337
2337
2338
2339
2339
2340
2340
2343
2344
2344
2345
2346
2346
2348
2350
2350
2350
2350
2351
2352
2353
2353
2355
2356
2356
2356
2357
2358
2359
2359
2361
2362
2363
2364
2366
2367
2367
2368
2372
2373
2374
2374
2374
2375
2376
2377
2378
2379
2380
2380
2380
2381
2382
2382
2383
2383
2387
2387
2387
2389
2390
2390
2391
2391
2392
2392
2392
2393
2393
2393
2393
2393
2396
2396
2397
2397
2398
2401
2402
2402
2403
2404
2404
2404
2404
2406
2407
2407
2409
2410
2411
2412
2413
2414
2414
2415
2415
2416
2416
2417
2419
2419
2420
2420
2420
2421
2424
2424
2426
2427
2427
2427
2428
2429
2429
2430
2431
2431
2432
2432
2433
2434
2435
2436
2437
2438
2438
2442
2443
2446
2446
2447
2450
2450
2452
2452
2453
2453
2455
2457
2458
2459
2459
2460
2460
2465
2466
2466
2467
2470
2471
2472
2472
2473
2473
2474
2476
2479
2480
2482
2482
2486
2487
2487
2488
2488
2489
2490
2490
2491
2491
2491
2493
2493
2494
2495
2499
2500
2500
2503
2503
2505
2507
2507
2508
2509
2510
2511
2511
2512
2512
2512
2515
2515
2516
2516
2516
2516
2517
2519
2520
2520
2521
2524
2524
2525
2526
2528
2531
2531
2531
2533
2533
2533
2534
2534
2535
2536
2536
2537
2538
2541
2541
2542
2543
2544
2544
2547
2548
2548
2548
2549
2550
2551
2551
2552
2552
2553
2554
2554
2557
2558
2560
2560
2561
2561
2562
2563
2568
2569
2571
2573
2574
2576
2577
2577
2578
2579
2579
2584
2585
2586
2589
2590
2590
2591
2596
2599
2600
2600
2600
2601
2602
2602
2603
2603
2603
2604
2604
2604
2604
2605
2605
2607
2608
2608
2611
2611
2611
2613
2615
2616
2618
2618
2619
2621
2624
2624
2624
2624
2625
2625
2626
2627
2627
2628
2628
2632
2632
2633
2634
2636
2636
2638
2638
2639
2639
2639
2640
2641
2641
2641
2642
2644
2644
2645
2646
2646
2648
2648
2650
2652
2653
2653
2654
2654
2657
2657
2658
2658
2661
2662
2662
2662
2664
2665
2665
2670
2670
2670
2671
2671
2671
2671
2672
2673
2673
2674
2674
2676
2678
2680
2680
2681
2681
2683
2684
2684
2685
2686
2687
2687
2688
2690
2692
2693
2694
2696
2697
2697
2699
2702
2703
2703
2704
2707
2707
2709
2710
2710
2711
2712
2713
2714
2715
2715
2717
2717
2718
2721
2723
2724
2724
2725
2726
2726
2730
2731
2732
2732
2732
2733
2735
2736
2737
2737
2739
2739
2739
2740
2740
2745
2745
2745
2746
2747
2748
2748
2749
2753
2753
2754
2754
2758
2758
2758
2760
2761
2761
2761
2762
2762
2765
2766
2768
2768
2769
2769
2770
2770
2774
2775
2776
2778
2780
2783
2783
2783
2783
2783
2784
2785
2785
2788
2789
2789
2790
2791
2791
2792
2792
2793
2793
2793
2794
2794
2795
2796
2796
2797
2797
2798
2800
2802
2802
2802
2803
2804
2805
2806
2807
2808
2808
2809
2810
2810
2810
2811
2811
2811
2811
2811
2814
2819
2826
2826
2826
2827
2830
2830
2832
2832
2833
2834
2835
2836
2836
2836
2836
2837
2837
2838
2841
2843
2844
2845
2845
2846
2846
2846
2847
2850
2851
2853
2853
2859
2859
2860
2860
2860
2862
2864
2864
2865
2865
2866
2866
2866
2867
2868
2869
2870
2870
2872
2873
2873
2875
2876
2878
2880
2881
2884
2884
2887
2887
2887
2887
2889
2893
2894
2895
2895
2898
2900
2902
2902
2903
2903
2903
2904
2905
2905
2906
2907
2908
2909
2910
2910
2911
2913
2914
2915
2916
2916
2917
2917
2918
2918
2919
2919
2919
2920
2921
2922
2923
2923
2925
2925
2926
2927
2929
2930
2930
2930
2932
2934
2936
2937
2937
2937
2938
2940
2940
2942
2942
2942
2942
2943
2944
2944
2944
2945
2945
2945
2946
2946
2947
2947
2947
2949
2953
2953
2954
2956
2956
2958
2958
2958
2958
2959
2960
2961
2961
2961
2962
2962
2964
2964
2964
2966
2967
2968
2968
2970
2973
2974
2975
2975
2975
2976
2977
2977
2978
2978
2980
2981
2981
2981
2982
2983
2985
2987
2987
2988
2989
2990
2990
2991
2992
2993
2993
2996
2997
2997
2998
2998
3001
3001
3002
3003
3005
3006
3006
3007
3007
3009
3010
3012
3013
3014
3014
3016
3019
3020
3021
3022
3023
3024
3025
3025
3025
3025
3026
3028
3029
3029
3030
3030
3032
3033
3033
3033
3034
3035
3035
3037
3039
3039
3044
3047
3047
3048
3048
3048
3049
3049
3050
3053
3054
3055
3056
3056
3056
3058
3060
3060
3062
3064
3064
3065
3066
3067
3068
3068
3068
3068
3070
3071
3072
3075
3076
3076
3077
3078
3079
3080
3081
3081
3083
3083
3083
3083
3084
3085
3085
3086
3087
3090
3095
3095
3095
3095
3100
3100
3102
3102
3105
3105
3105
3105
3105
3106
3106
3106
3109
3110
3111
3112
3112
3113
3114
3114
3115
3115
3116
3116
3116
3120
3120
3121
3122
3122
3123
3123
3126
3126
3127
3128
3128
3128
3129
3130
3131
3133
3133
3138
3138
3139
3139
3141
3143
3144
3146
3149
3150
3150
3150
3151
3152
3152
3155
3159
3160
3161
3161
3164
3164
3165
3170
3172
3176
3178
3183
3184
3184
3184
3185
3186
3187
3188
3189
3190
3190
3191
3192
3194
3194
3194
3195
3196
3196
3197
3198
3198
3198
3199
3200
3200
3203
3203
3204
3204
3205
3207
3208
3209
3209
3209
3210
3210
3211
3212
3213
3215
3215
3216
3217
3217
3218
3218
3220
3220
3221
3222
3228
3230
3232
3232
3232
3233
3236
3236
3236
3237
3238
3239
3239
3239
3243
3243
3245
3245
3246
3246
3248
3250
3251
3252
3252
3253
3254
3255
3259
3260
3261
3261
3263
3265
3266
3266
3266
3268
3268
3269
3270
3270
3270
3272
3274
3274
3275
3278
3278
3282
3285
3287
3290
3290
3293
3294
3296
3296
3297
3299
3299
3299
3300
3300
3300
3305
3305
3306
3308
3310
3310
3314
3314
3315
3316
3316
3317
3318
3321
3322
3322
3323
3323
3323
3324
3324
3325
3327
3327
3327
3327
3330
3331
3332
3334
3335
3335
3336
3338
3338
3338
3338
3339
3339
3341
3342
3342
3346
3347
3350
3350
3354
3354
3355
3355
3356
3356
3357
3360
3363
3364
3365
3365
3365
3366
3366
3366
3367
3367
3367
3368
3369
3370
3372
3372
3373
3373
3374
3375
3376
3376
3376
3378
3378
3379
3379
3380
3381
3381
3381
3383
3384
3384
3384
3385
3386
3386
3387
3387
3388
3388
3390
3391
3391
3392
3392
3395
3395
3395
3395
3395
3396
3397
3397
3397
3398
3398
3399
3399
3400
3401
3403
3403
3404
3406
3407
3408
3408
3410
3410
3411
3412
3412
3413
3414
3414
3416
3417
3418
3419
3420
3420
3422
3422
3422
3423
3423
3423
3424
3426
3427
3427
3428
3428
3433
3434
3434
3436
3436
3437
3439
3440
3440
3441
3449
3449
3450
3450
3454
3454
3455
3455
3455
3455
3458
3459
3459
3460
3461
3461
3461
3462
3464
3465
3466
3466
3468
3469
3469
3472
3473
3476
3476
3481
3483
3483
3486
3487
3488
3489
3490
3492
3493
3494
3496
3498
3502
3503
3505
3505
3505
3505
3506
3508
3509
3510
3511
3512
3513
3514
3515
3516
3521
3521
3521
3522
3522
3522
3522
3523
3524
3525
3530
3532
3533
3534
3534
3534
3536
3536
3537
3538
3538
3538
3540
3541
3542
3545
3546
3547
3547
3548
3549
3550
3551
3551
3552
3553
3554
3554
3554
3556
3558
3559
3559
3559
3560
3561
3562
3563
3564
3566
3567
3573
3573
3574
3575
3575
3576
3580
3580
3582
3585
3586
3586
3586
3586
3586
3587
3589
3589
3589
3589
3590
3591
3592
3592
3593
3593
3595
3596
3597
3597
3598
3599
3600
3601
3603
3603
3604
3604
3606
3608
3609
3610
3610
3611
3612
3613
3614
3615
3615
3616
3618
3619
3620
3620
3621
3622
3622
3622
3623
3623
3624
3625
3625
3625
3626
3627
3628
3629
3632
3634
3634
3636
3638
3638
3638
3639
3639
3641
3644
3645
3646
3646
3648
3649
3649
3652
3653
3653
3655
3655
3657
3658
3658
3661
3662
3664
3664
3664
3665
3666
3668
3668
3673
3675
3675
3676
3676
3678
3678
3679
3679
3682
3683
3683
3684
3688
3691
3692
3694
3694
3694
3695
3696
3697
3698
3700
3701
3702
3703
3704
3706
3707
3708
3710
3710
3712
3712
3712
3712
3715
3715
3715
3715
3718
3718
3718
3719
3721
3724
3726
3727
3729
3730
3730
3732
3732
3734
3734
3735
3736
3736
3737
3738
3740
3740
3742
3742
3742
3743
3749
3749
3749
3749
3749
3750
3751
3751
3754
3755
3757
3757
3757
3758
3760
3762
3771
3771
3771
3775
3776
3777
3780
3781
3782
3782
3782
3785
3785
3786
3788
3789
3791
3793
3793
3793
3794
3796
3798
3798
3799
3800
3801
3804
3805
3805
3806
3806
3807
3808
3812
3813
3813
3815
3816
3817
3819
3821
3821
3823
3824
3826
3826
3827
3829
3830
3831
3832
3832
3833
3835
3835
3836
3836
3837
3837
3839
3839
3840
3841
3842
3843
3849
3849
3850
3850
3850
3853
3854
3857
3857
3858
3860
3860
3860
3861
3862
3866
3867
3870
3871
3872
3873
3873
3874
3878
3879
3880
3884
3884
3885
3886
3886
3888
3889
3889
3891
3892
3893
3894
3894
3894
3896
3896
3896
3897
3898
3898
3899
3899
3900
3906
3906
3911
3911
3912
3914
3915
3915
3917
3919
3919
3919
3919
3920
3921
3922
3923
3925
3926
3927
3927
3931
3933
3934
3934
3935
3937
3940
3941
3941
3943
3944
3945
3945
3945
3948
3950
3950
3952
3953
3954
3955
3955
3956
3956
3957
3958
3959
3959
3960
3961
3961
3961
3962
3963
3963
3964
3964
3965
3966
3967
3968
3969
3970
3971
3972
3972
3977
3982
3984
3985
3987
3989
3989
3993
3994
3994
3994
3996
3997
3998
3998
3999
4001
4004
4004
4005
4005
4006
4007
4007
4007
4008
4009
4010
4011
4012
4016
4016
4017
4020
4021
4021
4022
4022
4026
4026
4027
4028
4029
4029
4029
4031
4032
4034
4035
4036
4036
4037
4037
4038
4042
4044
4045
4048
4049
4052
4053
4056
4059
4059
4062
4063
4064
4065
4065
4066
4066
4067
4067
4069
4070
4076
4077
4078
4078
4080
4084
4085
4090
4091
4092
4093
4094
4096
4097
4100
4100
4101
4102
4104
4105
4106
4106
4107
4109
4110
4110
4111
4111
4112
4112
4112
4113
4119
4120
4121
4123
4124
4127
4130
4131
4137
4137
4138
4139
4143
4145
4146
4146
4147
4149
4150
4151
4154
4157
4157
4160
4160
4161
4163
4163
4163
4163
4164
4167
4167
4168
4168
4169
4169
4169
4170
4174
4175
4175
4177
4179
4179
4180
4180
4182
4182
4182
4183
4184
4187
4190
4190
4191
4193
4193
4195
4199
4200
4202
4204
4206
4209
4209
4209
4211
4212
4212
4213
4214
4214
4214
4215
4218
4218
4220
4220
4221
4221
4222
4222
4224
4227
4230
4230
4232
4233
4237
4237
4238
4239
4241
4242
4244
4247
4248
4248
4250
4255
4257
4259
4260
4262
4264
4266
4268
4269
4270
4271
4271
4273
4273
4274
4275
4276
4276
4276
4279
4280
4281
4281
4282
4282
4286
4287
4288
4288
4290
4292
4294
4296
4301
4301
4302
4303
4304
4305
4306
4306
4308
4309
4309
4313
4313
4314
4315
4317
4318
4319
4319
4319
4320
4321
4329
4329
4331
4331
4331
4333
4334
4334
4334
4334
4339
4341
4343
4344
4344
4345
4346
4346
4347
4347
4348
4350
4353
4354
4354
4355
4357
4358
4359
4362
4362
4363
4367
4368
4368
4371
4372
4372
4372
4374
4375
4376
4378
4379
4379
4380
4381
4381
4382
4383
4384
4384
4386
4386
4386
4387
4388
4389
4391
4392
4393
4393
4394
4395
4395
4397
4399
4399
4400
4400
4405
4405
4405
4406
4410
4411
4411
4411
4412
4414
4414
4415
4415
4416
4416
4417
4418
4421
4422
4422
4423
4425
4427
4427
4427
4429
4432
4433
4437
4438
4438
4441
4442
4444
4444
4445
4446
4450
4451
4452
4452
4455
4455
4459
4460
4461
4462
4464
4465
4466
4469
4470
4471
4473
4473
4474
4475
4475
4477
4477
4479
4479
4479
4481
4486
4488
4488
4490
4491
4493
4495
4496
4496
4496
4497
4498
4499
4501
4503
4507
4507
4508
4510
4511
4514
4515
4517
4519
4520
4522
4522
4523
4524
4525
4528
4528
4529
4530
4535
4537
4539
4541
4542
4543
4545
4547
4553
4553
4554
4555
4557
4559
4559
4559
4562
4562
4562
4568
4570
4570
4573
4574
4574
4575
4575
4576
4578
4581
4583
4583
4583
4583
4583
4583
4584
4584
4587
4587
4588
4589
4589
4590
4591
4594
4596
4597
4597
4598
4600
4601
4602
4602
4604
4607
4608
4609
4609
4611
4612
4614
4615
4618
4619
4623
4623
4626
4628
4630
4630
4630
4632
4639
4641
4642
4645
4645
4647
4648
4648
4648
4649
4651
4653
4656
4657
4658
4659
4661
4662
4667
4668
4668
4669
4671
4671
4671
4673
4673
4674
4675
4679
4679
4680
4683
4684
4684
4686
4687
4687
4687
4695
4696
4698
4699
4701
4702
4703
4703
4703
4703
4706
4706
4706
4707
4708
4708
4709
4711
4711
4713
4714
4715
4716
4716
4719
4720
4722
4723
4723
4723
4724
4724
4726
4727
4729
4729
4732
4732
4733
4736
4739
4740
4740
4741
4743
4744
4745
4746
4746
4747
4747
4748
4750
4751
4753
4755
4757
4758
4759
4761
4763
4767
4770
4772
4772
4772
4773
4774
4776
4781
4783
4785
4786
4788
4788
4790
4791
4792
4793
4793
4794
4795
4797
4799
4800
4802
4805
4805
4805
4807
4808
4808
4810
4811
4814
4815
4816
4818
4819
4819
4821
4822
4827
4831
4835
4838
4839
4841
4842
4843
4843
4848
4852
4852
4854
4856
4857
4861
4861
4864
4865
4865
4866
4867
4868
4869
4873
4873
4875
4875
4878
4878
4879
4879
4880
4884
4884
4892
4892
4894
4897
4897
4900
4900
4900
4901
4901
4904
4904
4905
4907
4908
4909
4909
4910
4910
4910
4912
4913
4914
4915
4916
4917
4918
4919
4926
4926
4928
4929
4929
4930
4931
4932
4932
4933
4935
4935
4935
4937
4937
4939
4939
4940
4941
4941
4941
4943
4944
4947
4948
4950
4952
4955
4958
4959
4960
4963
4969
4969
4973
4973
4974
4981
4985
4985
4986
4987
4988
4992
4994
4995
4999
5000
5000
5000
5005
5008
5010
5014
5016
5017
5018
5018
5018
5020
5021
5023
5024
5025
5025
5027
5027
5028
5029
5031
5032
5034
5035
5036
5036
5038
5039
5040
5040
5040
5040
5041
5043
5043
5044
5051
5053
5054
5055
5056
5058
5058
5061
5061
5065
5065
5066
5070
5071
5073
5075
5077
5079
5081
5085
5085
5087
5089
5089
5090
5091
5092
5092
5099
5102
5103
5103
5107
5107
5109
5111
5114
5114
5117
5118
5118
5122
5126
5127
5127
5127
5131
5131
5133
5133
5134
5134
5134
5137
5140
5141
5145
5145
5145
5147
5152
5152
5154
5160
5161
5162
5164
5168
5170
5173
5174
5174
5175
5177
5179
5179
5179
5181
5183
5184
5185
5185
5187
5188
5192
5192
5201
5202
5203
5204
5205
5207
5208
5210
5210
5220
5221
5222
5223
5223
5225
5225
5226
5227
5227
5227
5228
5228
5228
5229
5231
5232
5234
5238
5239
5240
5243
5243
5244
5257
5258
5262
5263
5266
5267
5268
5272
5272
5274
5275
5276
5276
5277
5277
5279
5279
5280
5281
5282
5285
5287
5288
5292
5292
5295
5296
5296
5300
5300
5300
5301
5302
5302
5302
5304
5304
5307
5309
5309
5310
5312
5312
5314
5316
5321
5322
5323
5324
5325
5326
5326
5326
5328
5329
5331
5333
5337
5338
5339
5341
5345
5346
5346
5355
5358
5358
5359
5360
5361
5361
5365
5366
5368
5370
5374
5375
5376
5379
5379
5382
5384
5385
5386
5387
5387
5388
5388
5389
5390
5391
5391
5392
5393
5393
5394
5395
5398
5403
5404
5411
5411
5412
5414
5414
5417
5419
5422
5422
5426
5426
5427
5428
5429
5430
5431
5434
5434
5437
5440
5441
5441
5443
5444
5445
5445
5449
5451
5451
5453
5455
5456
5457
5460
5462
5467
5469
5471
5471
5473
5475
5477
5479
5479
5480
5482
5486
5487
5488
5489
5491
5492
5495
5499
5501
5502
5502
5504
5504
5505
5505
5507
5511
5511
5512
5515
5515
5515
5517
5520
5521
5522
5523
5524
5524
5524
5526
5526
5532
5533
5535
5535
5535
5538
5538
5540
5540
5540
5540
5541
5541
5543
5544
5548
5550
5550
5551
5552
5556
5559
5559
5559
5561
5564
5566
5566
5567
5571
5572
5573
5575
5576
5577
5579
5580
5580
5582
5583
5583
5583
5583
5584
5585
5586
5587
5588
5589
5591
5592
5593
5593
5595
5601
5603
5606
5607
5609
5609
5611
5611
5612
5613
5614
5615
5617
5622
5624
5626
5627
5628
5629
5629
5629
5631
5632
5633
5637
5638
5638
5642
5643
5643
5644
5645
5645
5647
5648
5649
5654
5658
5663
5664
5669
5673
5674
5679
5681
5682
5683
5686
5686
5687
5689
5694
5696
5703
5704
5705
5706
5707
5709
5709
5710
5712
5713
5713
5715
5717
5718
5718
5721
5722
5723
5729
5733
5734
5736
5736
5738
5740
5741
5742
5743
5743
5744
5744
5745
5748
5749
5751
5751
5751
5757
5760
5760
5761
5762
5762
5765
5766
5767
5767
5768
5771
5773
5774
5780
5780
5781
5781
5782
5783
5783
5784
5790
5790
5790
5792
5798
5801
5802
5802
5803
5806
5807
5811
5813
5813
5821
5824
5826
5832
5832
5833
5840
5842
5843
5844
5845
5845
5855
5858
5858
5859
5861
5861
5861
5864
5867
5869
5869
5872
5879
5881
5882
5882
5886
5886
5887
5887
5898
5902
5902
5907
5908
5908
5909
5911
5911
5911
5917
5922
5922
5924
5924
5925
5925
5927
5927
5928
5931
5932
5933
5937
5938
5942
5943
5947
5947
5948
5950
5950
5951
5953
5954
5957
5960
5960
5961
5963
5964
5964
5966
5967
5968
5970
5970
5973
5973
5976
5978
5982
5982
5983
5984
5988
5988
5990
5997
5999
6002
6004
6004
6005
6006
6006
6009
6009
6010
6010
6011
6014
6017
6020
6021
6024
6025
6031
6032
6032
6033
6033
6035
6035
6036
6036
6037
6041
6042
6043
6045
6048
6049
6051
6052
6052
6052
6054
6054
6058
6059
6060
6061
6062
6062
6062
6066
6066
6067
6067
6069
6070
6073
6073
6078
6078
6079
6079
6081
6081
6082
6083
6086
6091
6091
6095
6099
6100
6105
6109
6109
6112
6113
6115
6117
6122
6124
6125
6125
6127
6133
6134
6136
6137
6137
6140
6142
6142
6143
6145
6146
6148
6151
6151
6155
6156
6157
6159
6162
6162
6163
6165
6167
6170
6173
6175
6177
6177
6178
6182
6183
6183
6186
6186
6187
6189
6192
6196
6197
6203
6204
6205
6206
6209
6211
6212
6212
6213
6213
6216
6217
6217
6219
6221
6222
6230
6231
6231
6231
6236
6237
6237
6239
6242
6242
6248
6249
6256
6258
6259
6260
6261
6261
6266
6267
6268
6269
6270
6270
6275
6281
6283
6285
6294
6295
6295
6296
6303
6303
6303
6307
6307
6313
6313
6313
6315
6317
6319
6321
6321
6324
6325
6327
6329
6330
6331
6331
6331
6331
6337
6339
6339
6341
6341
6341
6342
6342
6343
6344
6347
6347
6350
6352
6354
6355
6355
6358
6358
6364
6365
6366
6367
6368
6370
6375
6376
6376
6377
6377
6378
6378
6379
6382
6391
6391
6392
6395
6397
6398
6400
6401
6402
6403
6404
6406
6407
6407
6408
6409
6409
6413
6413
6420
6422
6423
6423
6439
6441
6441
6442
6445
6447
6448
6449
6452
6454
6455
6455
6456
6457
6457
6459
6459
6461
6462
6463
6465
6466
6469
6470
6470
6471
6472
6474
6477
6477
6479
6479
6480
6482
6484
6490
6492
6493
6495
6496
6496
6499
6500
6502
6502
6504
6507
6510
6511
6512
6513
6515
6518
6519
6521
6521
6525
6530
6530
6532
6535
6536
6536
6537
6546
6550
6551
6557
6560
6561
6562
6566
6568
6571
6573
6578
6582
6584
6592
6593
6593
6593
6595
6595
6599
6606
6608
6608
6612
6613
6615
6618
6618
6618
6619
6622
6623
6626
6626
6628
6628
6630
6630
6631
6632
6641
6646
6648
6650
6651
6653
6654
6656
6658
6659
6663
6663
6666
6666
6667
6669
6670
6670
6672
6675
6680
6684
6687
6688
6689
6689
6690
6697
6699
6700
6702
6706
6708
6709
6715
6716
6717
6719
6720
6725
6726
6728
6730
6732
6733
6735
6736
6737
6740
6744
6746
6755
6756
6759
6759
6760
6762
6762
6763
6764
6764
6765
6766
6766
6766
6766
6769
6769
6772
6774
6777
6783
6784
6789
6789
6789
6790
6792
6795
6796
6799
6800
6802
6804
6808
6809
6811
6811
6816
6817
6817
6817
6817
6818
6818
6819
6819
6822
6826
6827
6834
6835
6836
6846
6848
6852
6852
6857
6858
6862
6863
6863
6864
6867
6867
6868
6869
6872
6874
6874
6875
6880
6882
6883
6886
6887
6891
6895
6896
6897
6898
6900
6902
6906
6909
6910
6912
6913
6915
6916
6916
6918
6921
6924
6926
6926
6928
6929
6930
6935
6936
6937
6940
6941
6941
6945
6945
6945
6946
6959
6959
6965
6976
6977
6978
6983
6983
6988
6988
6998
7000
7002
7002
7007
7007
7009
7012
7014
7014
7015
7020
7021
7021
7024
7024
7025
7026
7030
7031
7031
7035
7039
7041
7043
7044
7048
7048
7051
7054
7055
7056
7058
7072
7074
7076
7077
7077
7083
7084
7085
7085
7090
7092
7095
7100
7101
7102
7102
7103
7107
7108
7113
7115
7115
7115
7123
7124
7125
7127
7129
7135
7135
7139
7143
7145
7146
7148
7149
7153
7158
7162
7165
7168
7172
7173
7173
7173
7175
7182
7183
7183
7183
7184
7186
7187
7189
7190
7191
7191
7194
7196
7197
7200
7200
7201
7207
7209
7211
7215
7217
7218
7221
7221
7223
7225
7228
7228
7229
7230
7235
7239
7242
7243
7245
7247
7253
7257
7257
7260
7262
7262
7264
7265
7270
7271
7273
7274
7282
7286
7294
7301
7301
7306
7315
7320
7327
7328
7335
7339
7341
7346
7350
7358
7358
7360
7361
7371
7372
7373
7379
7383
7388
7389
7391
7392
7395
7395
7404
7404
7412
7418
7419
7420
7421
7425
7428
7432
7433
7434
7435
7436
7437
7440
7441
7441
7443
7444
7445
7446
7449
7457
7461
7462
7463
7463
7465
7468
7470
7470
7471
7473
7475
7475
7476
7476
7478
7482
7484
7492
7494
7496
7498
7498
7499
7501
7502
7507
7509
7510
7515
7518
7519
7519
7520
7521
7523
7524
7525
7526
7531
7535
7536
7537
7539
7542
7542
7543
7543
7545
7545
7546
7546
7548
7552
7556
7560
7561
7565
7566
7569
7579
7580
7584
7584
7586
7591
7592
7593
7593
7594
7594
7609
7609
7611
7620
7620
7623
7624
7627
7627
7629
7629
7631
7631
7632
7635
7639
7643
7644
7646
7647
7647
7648
7649
7652
7653
7655
7656
7660
7660
7661
7662
7662
7681
7683
7685
7693
7693
7694
7697
7701
7702
7703
7704
7706
7706
7708
7709
7712
7712
7713
7715
7720
7726
7726
7729
7732
7736
7737
7737
7746
7747
7747
7747
7753
7756
7762
7763
7764
7764
7765
7765
7767
7767
7770
7771
7772
7772
7774
7778
7781
7785
7785
7787
7790
7790
7791
7794
7795
7796
7800
7802
7803
7803
7805
7806
7818
7826
7827
7828
7832
7832
7836
7839
7841
7853
7855
7857
7859
7861
7864
7868
7874
7875
7878
7879
7881
7881
7882
7884
7886
7888
7891
7895
7895
7899
7899
7900
7902
7902
7903
7910
7911
7920
7923
7925
7928
7930
7930
7930
7932
7932
7933
7937
7944
7944
7944
7949
7952
7953
7955
7959
7959
7962
7965
7969
7971
7973
7976
7979
7980
7982
7983
7984
7995
8000
8004
8006
8007
8008
8009
8009
8011
8020
8025
8027
8028
8029
8032
8032
8036
8037
8039
8044
8054
8056
8059
8061
8066
8068
8068
8076
8076
8077
8079
8083
8084
8086
8088
8090
8093
8095
8095
8095
8095
8097
8098
8099
8101
8107
8112
8113
8117
8119
8122
8122
8129
8130
8131
8133
8134
8141
8142
8151
8155
8158
8160
8161
8162
8166
8170
8173
8177
8178
8179
8182
8183
8186
8188
8188
8189
8190
8197
8200
8202
8209
8209
8210
8219
8223
8229
8234
8235
8240
8241
8243
8243
8249
8253
8254
8255
8261
8264
8266
8270
8272
8275
8276
8280
8280
8282
8282
8282
8288
8289
8289
8289
8290
8293
8294
8298
8303
8303
8314
8318
8320
8320
8320
8321
8326
8331
8334
8338
8339
8343
8344
8345
8346
8349
8352
8356
8357
8357
8359
8362
8368
8377
8384
8384
8386
8390
8393
8401
8402
8411
8413
8414
8418
8419
8420
8421
8432
8433
8434
8436
8440
8440
8444
8447
8448
8449
8450
8456
8463
8464
8468
8470
8471
8472
8473
8475
8476
8479
8487
8492
8492
8497
8498
8498
8498
8500
8501
8506
8518
8518
8519
8523
8524
8529
8531
8533
8537
8538
8540
8543
8549
8558
8559
8560
8563
8566
8572
8573
8577
8578
8578
8579
8580
8588
8590
8590
8597
8605
8606
8608
8608
8611
8613
8613
8613
8615
8616
8621
8622
8624
8625
8627
8628
8631
8636
8638
8641
8642
8645
8651
8652
8653
8654
8656
8657
8660
8662
8663
8664
8666
8668
8671
8673
8675
8675
8684
8695
8697
8698
8698
8700
8702
8714
8715
8723
8724
8733
8737
8738
8746
8747
8750
8751
8755
8761
8761
8765
8772
8775
8775
8787
8788
8788
8789
8793
8795
8796
8796
8798
8801
8801
8803
8805
8814
8816
8816
8818
8822
8823
8823
8824
8831
8836
8843
8847
8849
8850
8852
8862
8862
8867
8868
8869
8870
8872
8879
8884
8886
8886
8892
8895
8896
8897
8897
8902
8903
8906
8906
8908
8912
8913
8914
8916
8917
8918
8919
8919
8919
8923
8926
8928
8930
8933
8934
8940
8941
8942
8943
8945
8955
8959
8959
8960
8967
8971
8971
8974
8975
8976
8978
8983
8989
8990
8997
9001
9002
9003
9003
9003
9004
9005
9007
9007
9008
9010
9015
9016
9021
9023
9023
9026
9026
9028
9035
9037
9042
9043
9044
9046
9052
9056
9057
9063
9063
9066
9067
9070
9078
9079
9081
9083
9088
9094
9095
9097
9101
9101
9103
9104
9105
9109
9110
9113
9125
9134
9136
9141
9141
9144
9152
9152
9152
9160
9161
9167
9167
9168
9168
9179
9179
9179
9180
9182
9183
9184
9184
9195
9198
9198
9208
9212
9217
9218
9219
9222
9222
9223
9225
9226
9229
9237
9237
9240
9240
9241
9245
9245
9248
9249
9251
9255
9260
9268
9272
9272
9274
9275
9275
9287
9290
9291
9292
9299
9303
9320
9321
9321
9322
9323
9327
9329
9333
9336
9344
9344
9352
9358
9359
9364
9365
9366
9366
9369
9370
9373
9377
9377
9378
9379
9386
9394
9395
9398
9400
9400
9400
9401
9402
9402
9403
9403
9404
9404
9409
9410
9414
9419
9422
9429
9429
9437
9439
9445
9446
9450
9451
9459
9466
9468
9469
9474
9475
9475
9477
9477
9477
9480
9482
9484
9493
9496
9510
9511
9514
9516
9526
9526
9527
9530
9531
9532
9532
9536
9540
9542
9542
9542
9546
9547
9549
9550
9550
9551
9555
9557
9558
9561
9566
9567
9571
9573
9575
9577
9580
9581
9584
9586
9587
9604
9605
9605
9608
9612
9614
9614
9618
9628
9630
9631
9632
9638
9644
9646
9650
9652
9653
9662
9666
9668
9668
9669
9678
9684
9686
9687
9696
9699
9701
9703
9704
9704
9709
9711
9713
9713
9717
9718
9724
9724
9725
9730
9746
9751
9753
9755
9756
9763
9773
9774
9775
9776
9776
9777
9778
9778
9779
9780
9781
9782
9787
9789
9789
9790
9791
9793
9796
9805
9811
9811
9812
9814
9832
9845
9847
9848
9848
9867
9878
9890
9893
9896
9896
9900
9900
9900
9902
9903
9903
9904
9911
9913
9915
9916
9917
9921
9922
9922
9929
9930
9930
9931
9932
9935
9946
9947
9953
9957
9965
9967
9970
9972
9974
9978
9979
9980
9984
9984
9994
9994
10006
10006
10006
10011
10013
10015
10015
10017
10022
10028
10032
10033
10034
10038
10041
10049
10057
10057
10060
10065
10066
10067
10068
10068
10071
10078
10081
10090
10091
10094
10096
10097
10102
10112
10116
10120
10125
10125
10128
10128
10129
10136
10141
10146
10148
10157
10158
10161
10162
10164
10168
10174
10181
10184
10191
10202
10203
10218
10222
10223
10223
10224
10224
10224
10225
10227
10230
10235
10243
10246
10248
10254
10256
10266
10268
10269
10271
10272
10281
10288
10291
10294
10297
10298
10299
10309
10310
10311
10312
10315
10316
10318
10325
10326
10328
10332
10334
10334
10337
10343
10348
10354
10362
10363
10368
10369
10371
10381
10386
10389
10389
10391
10392
10394
10394
10398
10398
10406
10410
10410
10413
10415
10421
10422
10422
10426
10430
10433
10434
10438
10438
10441
10442
10447
10452
10456
10460
10460
10466
10471
10478
10484
10485
10488
10499
10503
10506
10509
10510
10515
10520
10521
10521
10523
10527
10527
10530
10533
10539
10547
10553
10554
10555
10561
10564
10566
10568
10573
10577
10579
10583
10595
10604
10605
10609
10621
10627
10629
10632
10633
10637
10638
10644
10647
10648
10652
10657
10664
10667
10668
10669
10673
10687
10703
10703
10704
10706
10709
10711
10712
10718
10729
10729
10731
10734
10745
10748
10749
10755
10760
10766
10771
10801
10802
10803
10809
10819
10823
10837
10839
10842
10843
10849
10856
10857
10860
10868
10881
10887
10888
10890
10898
10902
10906
10910
10916
10917
10919
10921
10921
10931
10938
10938
10949
10949
10953
10962
10963
10966
10966
10970
10976
10980
10986
10987
10987
10988
10996
11006
11010
11011
11019
11021
11024
11025
11025
11027
11034
11035
11044
11046
11050
11054
11060
11065
11066
11070
11073
11074
11080
11089
11090
11091
11093
11108
11110
11115
11123
11124
11124
11124
11128
11133
11139
11140
11145
11148
11151
11154
11158
11158
11160
11160
11162
11165
11168
11170
11174
11174
11179
11191
11193
11193
11194
11196
11199
11205
11206
11210
11218
11220
11220
11228
11230
11232
11232
11236
11239
11240
11242
11246
11246
11248
11252
11255
11257
11269
11269
11275
11279
11279
11326
11340
11352
11355
11366
11366
11370
11371
11371
11375
11392
11393
11402
11404
11406
11409
11414
11415
11417
11420
11422
11423
11426
11431
11437
11449
11450
11454
11455
11459
11462
11462
11463
11464
11471
11486
11489
11490
11490
11498
11499
11500
11504
11515
11519
11521
11521
11526
11532
11541
11552
11554
11560
11561
11572
11587
11589
11592
11598
11600
11605
11611
11615
11616
11619
11628
11630
11643
11644
11648
11656
11657
11658
11664
11667
11669
11669
11679
11683
11685
11687
11689
11692
11693
11699
11699
11700
11701
11705
11710
11715
11731
11734
11737
11751
11753
11767
11769
11775
11776
11778
11781
11783
11783
11786
11794
11804
11818
11833
11836
11837
11840
11842
11851
11854
11855
11856
11857
11874
11877
11884
11885
11891
11897
11901
11902
11902
11904
11916
11925
11930
11931
11941
11943
11951
11963
11971
11972
11972
11972
11980
11981
11982
11982
11990
11993
11997
12000
12005
12008
12013
12015
12016
12037
12039
12049
12050
12050
12058
12060
12069
12073
12074
12075
12076
12083
12084
12085
12089
12099
12102
12109
12112
12114
12117
12122
12128
12134
12134
12137
12141
12144
12151
12152
12159
12165
12171
12173
12175
12178
12181
12185
12198
12199
12207
12209
12220
12225
12226
12226
12229
12246
12254
12258
12261
12262
12263
12268
12272
12276
12280
12280
12285
12287
12288
12288
12290
12293
12294
12305
12305
12311
12312
12313
12313
12321
12323
12324
12329
12330
12339
12340
12354
12357
12359
12359
12360
12362
12364
12380
12381
12385
12389
12402
12404
12404
12406
12407
12419
12421
12429
12435
12436
12445
12449
12457
12463
12470
12484
12487
12492
12495
12500
12502
12502
12505
12507
12516
12517
12529
12529
12534
12547
12553
12556
12558
12562
12563
12566
12569
12570
12579
12593
12594
12607
12615
12625
12626
12638
12639
12653
12659
12665
12666
12676
12678
12678
12684
12687
12693
12698
12705
12706
12710
12710
12711
12716
12728
12728
12731
12744
12762
12763
12768
12772
12775
12779
12780
12783
12795
12799
12817
12818
12823
12830
12834
12834
12838
12852
12855
12861
12865
12869
12872
12875
12879
12879
12889
12895
12895
12903
12907
12907
12915
12917
12921
12925
12929
12939
12946
12951
12953
12955
12965
12971
12973
12974
12981
12981
12984
12996
13005
13007
13008
13022
13022
13026
13027
13028
13029
13032
13033
13040
13059
13061
13064
13068
13072
13076
13076
13078
13082
13087
13089
13097
13101
13111
13113
13115
13115
13118
13121
13131
13134
13134
13138
13151
13156
13161
13176
13179
13179
13180
13185
13191
13192
13198
13212
13213
13214
13232
13238
13241
13242
13249
13257
13261
13268
13272
13277
13279
13280
13287
13291
13303
13311
13323
13334
13335
13337
13356
13356
13367
13399
13401
13401
13412
13422
13429
13433
13439
13439
13442
13447
13455
13456
13464
13484
13485
13487
13489
13496
13498
13499
13503
13509
13521
13539
13542
13547
13549
13558
13572
13598
13602
13610
13613
13636
13644
13653
13654
13667
13680
13688
13702
13704
13715
13716
13731
13731
13742
13752
13759
13763
13763
13772
13774
13777
13781
13784
13788
13792
13793
13797
13813
13815
13825
13830
13835
13840
13859
13860
13862
13867
13878
13892
13895
13895
13913
13915
13926
13928
13937
13950
13959
13963
13966
13967
13969
13971
13977
13979
13980
14005
14009
14016
14018
14022
14026
14039
14041
14046
14049
14050
14059
14072
14074
14079
14079
14081
14083
14102
14112
14115
14116
14124
14138
14141
14146
14155
14167
14168
14179
14187
14189
14189
14195
14204
14204
14212
14213
14217
14232
14235
14236
14241
14242
14249
14266
14272
14278
14280
14282
14287
14290
14290
14291
14301
14302
14311
14317
14318
14322
14326
14331
14334
14352
14369
14383
14386
14389
14397
14399
14400
14412
14418
14422
14438
14452
14454
14459
14461
14471
14473
14483
14499
14499
14503
14509
14518
14537
14539
14562
14567
14573
14573
14586
14594
14624
14640
14645
14646
14648
14651
14659
14664
14681
14681
14683
14688
14693
14693
14694
14703
14710
14712
14725
14727
14731
14734
14754
14756
14770
14771
14774
14786
14790
14794
14800
14815
14820
14821
14822
14823
14824
14828
14830
14833
14842
14857
14857
14857
14863
14877
14884
14891
14895
14897
14917
14920
14923
14934
14937
14947
14951
14958
14959
14963
14973
14981
14993
14996
14997
15003
15011
15035
15039
15043
15044
15050
15060
15074
15078
15083
15088
15090
15106
15115
15115
15124
15137
15141
15157
15158
15160
15163
15171
15179
15191
15200
15213
15215
15221
15247
15254
15259
15261
15262
15269
15286
15288
15295
15320
15321
15327
15333
15333
15344
15351
15351
15366
15367
15370
15377
15377
15382
15391
15429
15430
15433
15444
15445
15449
15452
15455
15468
15469
15472
15502
15515
15520
15543
15549
15550
15555
15559
15560
15563
15568
15576
15578
15624
15641
15647
15655
15666
15670
15677
15681
15692
15706
15712
15714
15720
15723
15730
15749
15749
15755
15758
15764
15770
15793
15798
15807
15826
15829
15832
15833
15834
15838
15845
15848
15851
15860
15864
15875
15892
15922
15948
15958
15967
15982
15983
15987
15988
16000
16000
16007
16025
16031
16035
16049
16049
16053
16054
16055
16089
16091
16094
16105
16106
16128
16132
16133
16144
16145
16146
16171
16171
16178
16187
16190
16194
16194
16208
16209
16217
16262
16267
16274
16274
16279
16289
16293
16301
16306
16328
16329
16340
16354
16362
16389
16390
16391
16406
16416
16416
16417
16418
16419
16426
16427
16442
16443
16452
16453
16465
16496
16517
16532
16539
16546
16565
16567
16579
16596
16604
16618
16619
16627
16630
16635
16636
16645
16649
16668
16674
16690
16703
16738
16786
16792
16849
16856
16865
16867
16870
16890
16893
16894
16895
16902
16902
16905
16913
16919
16926
16949
16950
16958
16978
16982
16998
16998
17000
17002
17007
17012
17028
17033
17055
17059
17060
17077
17080
17121
17130
17130
17143
17159
17178
17179
17180
17184
17208
17208
17208
17212
17222
17246
17247
17252
17261
17282
17304
17306
17308
17317
17320
17331
17334
17343
17352
17356
17364
17368
17384
17399
17417
17429
17442
17443
17452
17478
17484
17484
17489
17497
17505
17519
17535
17547
17548
17554
17580
17592
17592
17596
17598
17603
17609
17627
17632
17641
17651
17653
17678
17723
17785
17788
17788
17794
17808
17816
17821
17821
17839
17840
17848
17851
17854
17875
17889
17894
17900
17938
17944
17953
17954
17955
17967
17997
18006
18011
18018
18022
18044
18049
18066
18072
18079
18087
18097
18109
18121
18122
18133
18133
18139
18144
18145
18156
18158
18169
18171
18174
18184
18203
18220
18220
18230
18285
18296
18316
18325
18333
18336
18357
18403
18416
18426
18450
18461
18463
18473
18479
18488
18512
18516
18548
18548
18552
18593
18604
18606
18608
18611
18612
18664
18679
18687
18690
18695
18697
18701
18735
18739
18745
18759
18773
18776
18787
18800
18820
18862
18878
18889
18899
18918
18920
18938
18969
18980
18988
19033
19039
19049
19066
19091
19108
19119
19121
19122
19127
19128
19138
19148
19155
19203
19224
19236
19270
19296
19300
19300
19326
19371
19376
19383
19391
19391
19393
19394
19405
19410
19435
19454
19493
19496
19513
19522
19533
19546
19581
19586
19587
19600
19628
19638
19663
19708
19711
19718
19739
19758
19762
19815
19825
19837
19839
19853
19878
19886
19923
19942
19943
19960
19975
20007
20026
20041
20050
20067
20076
20080
20080
20092
20097
20100
20102
20113
20150
20156
20161
20161
20161
20166
20175
20180
20186
20213
20230
20240
20275
20306
20321
20323
20334
20344
20345
20347
20357
20395
20424
20429
20437
20438
20457
20458
20471
20474
20490
20500
20507
20526
20534
20540
20550
20552
20589
20604
20610
20612
20660
20671
20687
20692
20697
20704
20709
20773
20802
20820
20859
20875
20875
20903
20921
20923
20942
20976
20986
21003
21008
21013
21020
21042
21048
21048
21061
21094
21186
21212
21220
21228
21255
21288
21305
21330
21342
21355
21359
21375
21397
21417
21447
21454
21509
21527
21530
21550
21564
21573
21598
21622
21640
21656
21691
21720
21733
21738
21738
21757
21758
21775
21787
21861
21882
21937
21942
21972
21985
22010
22064
22083
22115
22156
22168
22177
22213
22238
22296
22296
22305
22311
22322
22331
22342
22343
22352
22357
22387
22392
22392
22398
22398
22406
22415
22497
22502
22532
22532
22537
22565
22567
22582
22589
22610
22612
22620
22624
22683
22711
22719
22794
22841
22846
22856
22917
22930
22943
22961
23022
23033
23033
23055
23071
23084
23094
23097
23109
23142
23181
23192
23195
23196
23199
23204
23230
23236
23241
23249
23249
23268
23276
23284
23285
23374
23375
23377
23418
23422
23438
23459
23467
23482
23493
23526
23544
23555
23604
23613
23618
23638
23646
23651
23701
23722
23736
23821
23830
23831
23879
23911
23928
23936
23960
23967
23973
23984
23998
24008
24008
24027
24034
24039
24040
24072
24084
24107
24111
24123
24135
24151
24170
24180
24205
24232
24277
24299
24312
24392
24403
24425
24446
24457
24470
24486
24518
24526
24547
24575
24583
24613
24632
24654
24664
24670
24725
24727
24797
24799
24823
24863
24867
24889
24891
24910
24916
24921
24964
24979
25002
25101
25126
25138
25174
25191
25206
25250
25263
25291
25330
25364
25384
25416
25497
25502
25511
25619
25636
25657
25668
25705
25710
25736
25820
25895
25947
25952
25962
25963
26012
26067
26093
26115
26124
26304
26381
26442
26498
26522
26540
26544
26604
26624
26631
26705
26775
26783
26783
26812
26818
26837
26840
26900
26957
26969
26974
27035
27039
27040
27086
27137
27160
27202
27223
27253
27268
27289
27308
27317
27335
27355
27395
27398
27427
27452
27491
27501
27517
27535
27541
27569
27633
27642
27645
27731
27755
27906
27908
27959
27961
27980
27996
28059
28073
28128
28194
28238
28245
28247
28305
28315
28327
28383
28436
28439
28445
28481
28481
28515
28524
28617
28661
28703
28802
28831
28879
28939
28962
28964
28986
28987
29167
29183
29280
29308
29334
29343
29363
29376
29460
29569
29648
29730
29740
29760
29837
29896
29987
30002
30053
30083
30152
30187
30231
30239
30272
30279
30284
30347
30356
30375
30486
30490
30549
30617
30620
30676
30711
30725
30749
30766
30798
30840
30866
30917
31012
31091
31202
31294
31364
31403
31406
31429
31466
31480
31486
31608
31768
31850
31893
31911
31946
32010
32040
32073
32144
32253
32269
32270
32354
32364
32386
32468
32487
32510
32511
32592
32605
32623
32643
32699
32746
32825
32950
32970
33016
33038
33153
33209
33349
33473
33505
33561
33643
33746
33775
33784
33836
33856
33907
34113
34143
34146
34166
34338
34341
34358
34586
34616
34633
34691
34715
34871
34924
34961
34972
34984
35124
35263
35356
35387
35441
35517
35563
35583
35607
35786
35840
35927
35934
35948
36011
36074
36150
36160
36369
36399
36401
36465
36505
36534
36688
36693
36699
36765
36768
36777
36780
36838
36906
36916
36932
36953
36953
36986
37059
37132
37160
37185
37212
37237
37281
37289
37301
37399
37526
37553
37582
37658
37743
37752
37793
37802
37805
37846
37978
38043
38054
38064
38130
38174
38334
38424
38436
38483
38560
38587
38620
38652
38657
38777
38791
38818
38828
38850
38947
38963
39037
39123
39211
39236
39275
39281
39290
39303
39399
39553
39604
39698
39707
39738
39773
39815
39887
39907
39976
39984
40011
40042
40086
40180
40222
40345
40374
40668
40705
40707
40779
40781
40926
40926
41065
41141
41209
41282
41377
41770
41773
41781
41817
42209
42238
42661
42782
43111
43229
43313
43383
43425
43607
43677
43678
43779
43831
43946
43985
44085
44102
44206
44278
44295
44386
44429
44584
44727
44750
44887
44903
45006
45036
45130
45187
45471
45482
45613
45660
45774
45934
45975
46444
46469
46576
46655
47227
47566
47778
47821
48176
48214
48390
49155
50467
50503
50994
51081
51115
51133
51184
51222
51439
51515
51726
51783
52104
52113
53190
53329
53454
54202
54433
54475
54813
55280
55306
55623
55707
55971
56030
56117
56449
56545
56558
56579
56731
56838
56895
57007
57395
57833
58233
58344
58516
58759
58850
59250
59606
60078
60127
60584
60677
60868
61223
61223
61346
61405
61858
62231
62829
63291
64020
64322
64327
64724
64785
65209
65385
65568
66449
67545
68353
69083
69396
69576
73152
73235
73403
73533
73580
73840
74826
75953
78130
79781
80267
81427
82596
82721
85153
85331
85784
104001
104289
104591
104766
105082
105579
105760
106497
107208
107737
109101
109277
109454
109769
109879
110145
110570
110987
112220
112509
112690
116552
116741
116928
117415
118511
119469
119671
119852
120028
120179
120324
123734
124880
128323
129684
131227
132882
135359
139975
141455
143582
143705
144354
144518
144750
