








1
1
1
1
1
1
1
1
1
1
1
1
2
2
2
2
2
3
3
4
4
4
5
5
5
5
5
5
5
6
6
6
6
7
7
8
8
9
9
10
11
11
12
12
12
12
13
13
14
14
14
15
15
16
19
19
20
21
21
21
22
23
23
23
24
25
25
25
25
26
26
26
26
26
28
28
28
28
28
29
29
29
29
30
31
31
31
31
32
32
33
34
34
35
36
37
37
37
37
38
38
39
39
39
40
42
42
42
42
43
43
43
43
44
44
45
45
46
46
47
47
47
48
49
50
50
50
51
51
51
51
51
52
52
52
53
53
53
54
55
56
57
57
57
58
59
60
60
61
61
61
61
61
62
62
63
63
64
65
65
65
66
67
68
68
68
68
69
69
70
70
70
70
71
71
71
72
72
73
73
74
74
75
75
76
76
76
76
76
76
76
77
78
78
78
78
78
79
81
81
82
83
83
83
83
84
84
85
85
85
85
86
86
87
88
88
88
89
89
90
90
90
90
91
92
92
92
93
93
94
94
95
96
96
96
98
98
99
99
99
99
100
101
101
102
102
103
103
103
104
105
105
105
106
106
107
107
107
107
107
107
108
108
109
109
109
110
110
111
111
111
113
114
115
115
115
116
116
117
118
118
118
118
118
118
119
119
120
121
121
121
124
124
125
125
125
125
125
126
126
126
127
127
127
127
127
127
127
129
129
129
130
130
130
130
130
131
131
131
131
131
131
131
131
133
133
134
135
135
135
137
137
139
139
140
140
141
141
141
141
141
141
143
143
144
144
144
145
145
145
145
146
146
146
147
148
149
150
150
151
151
151
153
153
153
154
155
155
156
157
158
158
159
160
161
161
162
162
162
164
165
165
165
165
165
167
167
167
167
167
168
169
169
169
169
170
170
171
171
171
172
172
173
175
175
176
176
176
176
177
177
178
179
179
179
180
180
180
181
183
184
187
187
187
187
188
188
188
189
189
190
191
191
192
192
193
193
194
195
196
196
197
197
197
197
198
198
198
199
199
200
200
201
201
201
201
201
202
202
202
203
203
203
204
205
205
206
206
207
208
208
209
209
209
210
210
210
210
211
211
211
212
212
213
213
213
216
216
216
216
216
217
217
217
218
218
219
220
222
223
223
223
223
224
224
224
224
225
226
228
228
228
229
229
229
229
230
231
232
233
233
235
235
236
236
237
237
237
237
238
239
241
241
241
242
243
243
244
245
246
246
246
247
247
248
248
248
249
249
249
249
249
250
251
251
251
252
252
252
252
253
255
255
255
256
256
257
257
257
257
259
261
261
262
262
263
263
263
265
266
266
266
266
267
267
267
268
268
268
270
270
271
271
271
271
271
272
274
274
274
274
274
276
276
276
276
277
277
278
279
279
280
280
281
281
283
284
284
285
285
285
285
285
286
286
286
287
287
287
288
288
288
288
289
289
289
291
292
293
293
293
293
295
296
296
296
297
297
297
298
299
300
300
301
302
302
303
303
303
304
305
305
305
306
306
306
307
308
309
310
310
311
311
312
312
313
313
313
313
313
314
314
315
315
315
315
315
315
315
316
316
317
317
317
318
319
319
319
320
321
321
321
321
322
323
323
324
324
324
325
325
326
326
327
327
328
328
328
329
329
330
330
332
332
332
333
334
335
335
335
335
335
335
336
336
336
337
337
337
339
340
340
341
341
341
342
343
343
344
344
344
344
344
345
346
346
346
346
346
347
347
347
348
348
348
348
349
349
349
349
349
350
350
350
351
351
351
353
353
353
354
354
355
355
357
358
358
358
358
358
359
359
359
360
360
361
362
362
362
362
363
363
363
365
366
366
366
366
367
367
367
368
368
370
371
371
372
372
372
373
374
374
374
374
374
374
374
374
374
375
376
376
377
377
377
380
380
380
380
381
382
382
382
382
382
383
383
384
385
385
386
387
388
388
389
389
389
389
389
390
390
391
391
392
392
392
392
394
394
394
395
395
396
396
397
397
397
398
398
398
398
398
399
399
399
399
400
400
401
401
402
403
403
403
404
404
405
405
406
406
406
407
408
408
408
409
409
410
410
411
412
412
412
414
414
414
414
415
416
417
417
417
417
417
418
418
418
418
418
419
419
420
421
421
421
422
422
422
422
423
424
424
425
426
426
427
428
428
428
429
429
429
430
430
430
430
430
430
430
431
431
431
432
433
433
434
435
435
436
437
437
437
439
439
440
440
443
443
444
444
445
445
446
446
446
446
446
446
446
446
447
447
448
449
449
450
450
450
451
452
452
452
453
453
453
454
454
456
457
458
458
459
459
459
459
459
460
461
461
462
462
462
463
463
463
464
465
465
466
466
466
466
467
467
467
467
467
467
468
469
469
470
471
471
471
472
472
473
474
474
474
474
474
474
475
475
476
476
476
476
477
477
477
477
477
477
478
478
478
480
481
481
481
481
482
482
482
482
484
486
486
487
487
487
487
488
489
489
490
491
491
491
492
492
492
492
492
492
492
492
493
493
494
494
494
494
495
495
496
497
497
498
498
498
498
498
498
499
499
499
499
500
500
500
500
500
501
502
502
502
502
503
504
504
505
505
505
506
507
507
507
507
508
509
509
510
510
510
510
511
511
511
511
511
512
512
513
513
514
514
514
514
514
515
516
516
517
517
517
518
518
518
519
519
519
520
520
521
521
522
522
522
523
523
524
524
524
525
525
526
527
529
529
529
530
530
530
531
532
532
532
533
533
534
534
535
535
535
535
535
535
535
536
537
537
537
537
538
538
539
539
539
539
540
540
540
540
540
540
541
541
541
542
542
542
542
543
543
543
544
544
544
545
545
545
546
547
547
547
548
549
550
550
550
550
550
551
552
552
552
553
553
553
553
555
556
556
556
557
557
557
557
558
558
558
558
559
559
559
559
559
559
559
559
559
560
560
561
561
561
562
563
563
563
564
565
565
566
566
566
567
568
568
568
568
569
569
569
570
570
571
571
572
572
572
572
572
573
574
574
574
575
575
575
575
575
577
577
577
578
578
578
578
579
579
580
580
580
581
581
582
582
583
584
584
585
585
585
585
587
588
588
588
588
589
589
589
589
589
590
590
590
590
590
590
590
590
591
591
591
592
592
592
592
593
593
593
594
594
596
596
596
596
597
597
597
598
599
599
599
600
602
603
603
603
603
604
604
605
605
605
605
606
606
606
606
606
606
607
607
607
608
608
609
610
610
611
611
611
611
612
612
612
612
612
613
614
614
614
614
615
615
615
615
615
616
616
617
617
618
619
619
619
619
620
620
621
621
621
621
623
624
624
625
627
627
628
628
628
628
629
630
630
630
630
630
630
631
631
631
632
633
633
633
633
634
634
634
634
635
635
635
636
636
636
637
637
637
637
638
638
638
639
640
640
641
641
641
642
642
643
643
643
643
645
645
645
646
648
649
650
651
651
651
651
651
651
652
652
652
652
652
654
655
655
656
656
656
656
657
657
658
658
658
659
659
659
659
660
660
660
660
661
661
661
662
663
664
664
664
665
665
665
666
668
668
669
670
670
671
672
672
673
673
673
673
674
675
675
675
675
676
676
677
677
677
678
679
679
680
681
681
681
682
683
683
683
684
684
685
685
685
686
687
687
688
688
690
690
690
691
691
691
691
692
692
692
692
692
693
693
693
693
694
694
694
695
695
695
695
696
697
697
698
698
698
698
700
701
701
701
701
702
702
702
703
703
703
704
704
704
704
705
705
705
706
706
706
706
707
707
709
709
709
709
710
710
710
710
710
711
711
711
712
712
712
713
713
713
714
714
714
715
715
715
715
716
716
716
716
717
717
718
718
718
719
719
720
720
720
722
722
722
723
723
724
724
725
725
726
726
726
726
727
728
728
730
730
730
730
732
732
733
733
734
734
735
735
735
736
736
736
736
736
737
738
738
739
739
740
740
740
740
741
742
742
742
742
743
743
743
743
744
745
746
746
746
747
748
748
749
750
750
751
751
751
752
752
752
752
754
754
754
755
755
755
756
756
756
757
757
758
758
758
760
760
760
761
761
761
761
762
762
762
762
762
763
763
764
764
765
765
765
766
766
767
767
768
768
768
769
769
769
769
770
770
770
772
772
772
773
773
773
774
774
774
775
775
775
775
776
776
776
777
777
777
777
777
777
778
778
778
778
778
779
779
779
780
780
780
780
780
781
782
783
783
785
786
786
786
786
786
786
787
787
788
788
788
788
789
789
789
790
791
791
791
793
793
794
794
795
796
797
797
798
798
798
799
799
799
801
802
802
802
802
803
803
803
803
803
804
804
805
805
806
806
807
809
809
810
810
810
810
811
812
812
814
814
814
814
816
816
817
817
817
818
818
818
818
819
819
819
819
819
820
820
820
821
822
822
823
823
823
823
824
824
824
824
824
825
825
825
825
826
826
827
827
828
828
828
828
829
831
831
831
832
832
832
833
833
833
833
834
834
834
834
835
835
835
835
835
836
837
838
838
838
839
839
840
840
841
841
842
842
842
842
842
843
843
843
843
843
843
844
845
845
845
845
845
846
846
846
848
848
849
850
850
850
850
851
852
852
852
853
854
855
855
855
855
856
857
857
857
858
858
858
859
859
859
859
859
860
860
862
863
864
864
866
866
866
867
867
867
868
868
868
869
870
870
870
870
870
871
871
873
873
873
875
876
876
877
877
878
878
878
878
879
879
879
880
880
881
881
881
881
883
883
884
884
884
884
886
886
886
886
886
886
887
887
887
888
888
888
888
888
889
889
890
890
890
890
890
890
891
891
891
891
891
892
892
893
893
894
894
895
897
897
897
897
897
898
898
898
899
899
899
899
900
901
901
901
902
903
903
903
903
903
904
904
904
904
905
906
906
906
906
908
908
909
910
910
910
911
911
911
911
911
912
912
912
912
913
913
913
914
916
916
916
916
916
917
919
919
920
920
920
921
921
922
922
922
923
924
924
924
925
925
925
925
925
925
925
926
927
927
927
927
927
928
928
929
929
930
930
931
931
931
932
932
932
932
932
932
932
933
934
934
934
934
935
935
936
937
937
937
937
938
938
938
938
939
940
941
941
941
941
942
942
942
942
942
942
942
943
943
943
944
944
945
947
947
947
947
948
948
949
949
950
950
950
951
951
952
952
953
953
953
953
954
954
954
954
955
955
956
956
956
959
959
959
960
960
960
961
961
961
961
962
962
962
963
963
963
963
964
964
964
964
964
967
968
968
968
969
970
970
970
970
970
971
971
972
972
973
973
973
974
974
975
975
976
976
976
976
978
978
979
979
980
981
981
982
982
982
982
984
985
985
985
986
986
986
987
987
987
987
988
988
988
988
990
991
991
992
992
993
993
994
994
995
995
995
996
996
996
997
997
999
999
1000
1000
1001
1001
1001
1002
1002
1003
1003
1003
1004
1005
1005
1005
1006
1006
1006
1006
1006
1007
1008
1008
1008
1009
1009
1010
1010
1010
1011
1011
1012
1012
1013
1013
1014
1015
1015
1015
1016
1017
1017
1018
1018
1018
1018
1018
1019
1019
1019
1020
1020
1020
1020
1020
1021
1021
1021
1022
1022
1022
1022
1023
1023
1024
1024
1024
1024
1025
1025
1026
1026
1027
1027
1028
1028
1029
1029
1029
1029
1030
1030
1030
1030
1031
1031
1032
1032
1032
1033
1034
1034
1034
1034
1034
1035
1035
1036
1036
1036
1037
1037
1038
1038
1038
1039
1039
1039
1040
1040
1040
1040
1040
1041
1041
1042
1042
1043
1044
1045
1045
1045
1046
1046
1047
1047
1047
1048
1048
1048
1049
1049
1049
1049
1050
1051
1051
1052
1053
1053
1053
1054
1054
1054
1054
1054
1054
1055
1055
1055
1056
1056
1058
1058
1058
1059
1059
1060
1060
1060
1060
1060
1062
1063
1063
1063
1063
1064
1064
1064
1064
1065
1065
1065
1065
1065
1065
1066
1066
1067
1067
1068
1068
1070
1070
1070
1071
1071
1072
1072
1072
1074
1074
1074
1075
1075
1075
1076
1076
1077
1077
1079
1079
1079
1080
1080
1080
1081
1083
1083
1083
1083
1084
1084
1085
1085
1087
1087
1087
1087
1087
1088
1088
1088
1088
1088
1089
1089
1090
1090
1090
1091
1091
1093
1093
1094
1094
1095
1095
1095
1095
1095
1096
1096
1096
1097
1097
1098
1100
1101
1101
1101
1101
1101
1102
1102
1102
1103
1103
1103
1103
1103
1104
1104
1104
1104
1105
1105
1105
1105
1105
1106
1106
1106
1106
1106
1106
1107
1108
1108
1108
1108
1108
1109
1109
1109
1110
1110
1110
1111
1112
1112
1113
1114
1115
1116
1116
1116
1116
1117
1117
1117
1117
1117
1118
1118
1119
1119
1119
1119
1120
1121
1121
1121
1121
1121
1122
1122
1122
1123
1124
1124
1124
1125
1125
1126
1127
1127
1127
1128
1129
1129
1129
1130
1132
1132
1133
1133
1134
1134
1134
1134
1135
1135
1136
1136
1136
1138
1138
1138
1138
1139
1139
1140
1140
1140
1142
1142
1142
1142
1143
1143
1143
1143
1144
1144
1145
1145
1145
1146
1149
1149
1149
1149
1149
1149
1150
1150
1150
1151
1152
1152
1152
1152
1152
1153
1153
1153
1154
1154
1154
1154
1154
1155
1156
1157
1157
1157
1158
1158
1158
1159
1159
1159
1159
1159
1159
1160
1160
1160
1161
1161
1162
1162
1163
1164
1164
1165
1165
1166
1166
1167
1168
1168
1168
1168
1170
1170
1170
1171
1171
1171
1172
1173
1173
1173
1175
1175
1175
1176
1176
1176
1176
1176
1176
1177
1177
1178
1178
1178
1180
1180
1182
1182
1182
1182
1182
1183
1183
1183
1183
1183
1184
1184
1184
1184
1184
1186
1187
1187
1188
1188
1189
1189
1189
1190
1191
1192
1194
1195
1195
1195
1196
1196
1196
1197
1197
1197
1199
1199
1199
1200
1200
1200
1200
1200
1200
1202
1203
1203
1203
1203
1203
1203
1204
1204
1205
1206
1207
1207
1208
1208
1209
1210
1210
1211
1212
1213
1214
1214
1214
1214
1215
1215
1216
1216
1217
1217
1217
1217
1218
1219
1219
1219
1220
1220
1220
1220
1220
1221
1221
1221
1221
1221
1221
1221
1222
1223
1223
1224
1224
1226
1226
1226
1226
1227
1227
1227
1228
1228
1228
1229
1229
1229
1230
1230
1230
1230
1230
1230
1231
1231
1231
1232
1233
1233
1234
1234
1234
1235
1235
1235
1235
1235
1236
1237
1238
1238
1238
1239
1239
1239
1240
1241
1241
1241
1242
1242
1243
1243
1243
1244
1244
1244
1244
1245
1246
1248
1249
1249
1249
1250
1250
1250
1250
1250
1250
1250
1251
1251
1252
1252
1253
1253
1255
1255
1255
1256
1256
1256
1256
1257
1257
1258
1258
1259
1259
1259
1259
1260
1260
1261
1261
1261
1261
1261
1261
1261
1262
1262
1263
1263
1263
1264
1264
1264
1265
1265
1266
1266
1266
1267
1267
1268
1268
1270
1271
1272
1273
1273
1274
1275
1275
1275
1275
1275
1276
1276
1276
1277
1278
1279
1279
1279
1279
1280
1281
1282
1282
1282
1283
1283
1283
1284
1284
1284
1284
1285
1285
1285
1286
1286
1286
1286
1287
1288
1288
1289
1289
1289
1290
1290
1290
1291
1292
1294
1295
1296
1296
1296
1296
1297
1298
1298
1298
1299
1300
1302
1303
1304
1304
1304
1305
1305
1305
1305
1306
1306
1307
1307
1308
1309
1309
1310
1311
1311
1311
1312
1312
1314
1315
1315
1317
1317
1317
1317
1318
1319
1319
1319
1320
1321
1321
1321
1322
1323
1323
1323
1323
1323
1323
1324
1325
1325
1325
1325
1326
1327
1327
1328
1329
1329
1330
1330
1330
1330
1330
1331
1331
1331
1331
1333
1333
1333
1333
1334
1334
1335
1335
1336
1337
1337
1338
1338
1339
1339
1339
1339
1340
1340
1340
1340
1340
1341
1341
1341
1341
1342
1342
1342
1343
1343
1343
1346
1346
1348
1350
1350
1350
1350
1351
1351
1352
1352
1352
1352
1353
1353
1353
1353
1354
1354
1354
1354
1355
1355
1355
1355
1356
1356
1357
1357
1357
1358
1358
1358
1358
1359
1359
1359
1359
1359
1359
1359
1360
1360
1360
1361
1361
1361
1362
1362
1362
1363
1363
1363
1363
1364
1364
1365
1365
1367
1367
1367
1368
1368
1368
1369
1369
1370
1370
1370
1370
1371
1372
1372
1372
1372
1373
1373
1373
1374
1375
1375
1376
1377
1377
1378
1378
1378
1379
1379
1379
1379
1380
1380
1380
1380
1381
1382
1383
1383
1384
1384
1386
1387
1387
1388
1389
1389
1389
1389
1390
1390
1391
1392
1392
1392
1393
1393
1393
1394
1394
1395
1396
1396
1397
1397
1397
1397
1397
1398
1398
1398
1399
1399
1399
1400
1400
1400
1400
1401
1401
1401
1401
1402
1403
1404
1407
1407
1407
1407
1407
1408
1408
1408
1408
1408
1408
1409
1409
1410
1410
1410
1411
1411
1411
1411
1412
1413
1413
1413
1413
1414
1414
1414
1415
1415
1415
1416
1417
1417
1419
1419
1420
1420
1420
1422
1422
1423
1423
1424
1424
1424
1426
1427
1427
1427
1427
1428
1429
1429
1429
1430
1430
1430
1431
1432
1432
1432
1432
1433
1433
1433
1434
1435
1437
1438
1439
1439
1440
1441
1441
1441
1441
1442
1442
1443
1443
1444
1445
1445
1446
1446
1447
1447
1448
1449
1449
1449
1450
1451
1451
1452
1452
1452
1453
1453
1454
1454
1455
1456
1456
1456
1456
1458
1458
1460
1460
1461
1461
1464
1464
1464
1465
1466
1468
1468
1469
1469
1470
1471
1471
1471
1472
1472
1472
1473
1473
1473
1475
1476
1476
1476
1476
1476
1477
1477
1478
1479
1479
1479
1479
1479
1480
1480
1480
1481
1481
1481
1482
1482
1483
1484
1485
1485
1485
1485
1486
1486
1486
1487
1488
1489
1490
1491
1491
1491
1492
1492
1492
1493
1493
1494
1495
1495
1495
1496
1496
1499
1499
1499
1500
1501
1501
1501
1501
1502
1502
1502
1503
1503
1505
1505
1505
1505
1505
1505
1506
1507
1507
1508
1508
1509
1509
1509
1509
1510
1511
1511
1511
1511
1512
1512
1513
1513
1513
1513
1514
1514
1515
1515
1516
1516
1516
1518
1518
1518
1519
1519
1519
1520
1521
1521
1521
1522
1522
1522
1523
1523
1526
1526
1527
1527
1527
1528
1528
1528
1529
1529
1529
1530
1531
1531
1533
1533
1534
1535
1535
1535
1536
1536
1536
1536
1536
1537
1537
1537
1538
1539
1540
1540
1541
1541
1542
1543
1544
1545
1546
1546
1547
1547
1547
1547
1548
1550
1551
1551
1551
1552
1552
1552
1553
1554
1554
1554
1554
1554
1555
1555
1555
1556
1556
1558
1559
1560
1560
1560
1560
1561
1561
1561
1562
1562
1563
1564
1564
1564
1565
1565
1565
1566
1566
1568
1568
1569
1570
1570
1570
1570
1570
1571
1571
1572
1572
1574
1575
1575
1575
1576
1576
1577
1578
1578
1578
1578
1578
1579
1579
1581
1581
1581
1581
1581
1582
1582
1582
1583
1583
1584
1584
1584
1584
1585
1586
1586
1586
1588
1588
1590
1590
1591
1591
1591
1592
1592
1593
1593
1593
1594
1595
1596
1596
1596
1597
1597
1599
1599
1600
1600
1600
1600
1600
1600
1601
1602
1603
1603
1603
1604
1605
1605
1605
1606
1607
1607
1607
1607
1608
1608
1608
1609
1609
1609
1609
1610
1611
1611
1611
1611
1611
1612
1612
1612
1612
1613
1614
1614
1614
1615
1615
1615
1616
1617
1617
1617
1617
1617
1618
1618
1618
1618
1618
1619
1621
1621
1622
1623
1623
1624
1624
1624
1624
1625
1625
1625
1625
1626
1626
1626
1627
1628
1628
1628
1629
1629
1631
1631
1634
1634
1634
1634
1634
1635
1636
1636
1637
1638
1638
1638
1638
1638
1639
1640
1641
1641
1642
1643
1643
1643
1645
1645
1645
1645
1646
1646
1647
1647
1647
1647
1648
1648
1649
1651
1651
1651
1652
1652
1652
1652
1652
1653
1653
1653
1654
1654
1654
1655
1656
1657
1657
1658
1659
1661
1661
1662
1662
1663
1664
1664
1665
1665
1666
1666
1667
1667
1667
1668
1669
1669
1670
1670
1670
1671
1671
1671
1672
1672
1673
1673
1673
1673
1674
1674
1674
1675
1675
1676
1679
1679
1679
1679
1680
1681
1681
1681
1682
1682
1682
1682
1683
1683
1683
1684
1684
1684
1685
1685
1685
1685
1686
1687
1687
1687
1687
1688
1689
1689
1689
1689
1689
1690
1690
1691
1691
1692
1692
1692
1693
1694
1694
1694
1694
1694
1695
1696
1696
1696
1697
1697
1697
1698
1698
1698
1698
1699
1699
1699
1700
1700
1701
1701
1701
1702
1702
1703
1703
1703
1703
1704
1704
1704
1704
1705
1706
1706
1706
1707
1707
1708
1708
1708
1708
1711
1711
1711
1711
1712
1713
1713
1713
1714
1714
1714
1714
1714
1715
1715
1716
1716
1716
1717
1717
1717
1718
1718
1719
1719
1719
1719
1719
1719
1721
1721
1721
1722
1723
1723
1724
1724
1725
1725
1725
1725
1726
1726
1726
1726
1727
1728
1730
1730
1730
1730
1731
1731
1732
1732
1733
1734
1734
1735
1736
1736
1737
1737
1738
1738
1739
1739
1739
1739
1740
1740
1741
1742
1742
1742
1742
1743
1743
1744
1745
1745
1745
1747
1747
1748
1751
1752
1753
1753
1753
1753
1755
1756
1756
1756
1757
1757
1757
1758
1758
1759
1759
1759
1760
1760
1761
1761
1762
1762
1762
1762
1763
1763
1763
1763
1763
1763
1764
1764
1764
1764
1765
1765
1765
1766
1766
1766
1767
1767
1767
1767
1767
1768
1768
1770
1771
1771
1772
1773
1774
1774
1775
1775
1775
1776
1777
1777
1778
1778
1778
1778
1779
1780
1780
1780
1780
1781
1781
1783
1783
1784
1784
1785
1787
1787
1787
1788
1788
1789
1789
1789
1789
1790
1791
1791
1792
1792
1792
1793
1793
1794
1794
1794
1795
1795
1795
1795
1796
1797
1797
1797
1798
1799
1799
1800
1801
1802
1802
1802
1803
1803
1803
1803
1804
1804
1805
1805
1806
1808
1808
1808
1809
1809
1810
1811
1811
1812
1813
1813
1813
1814
1815
1815
1816
1816
1817
1817
1817
1818
1818
1818
1818
1819
1819
1819
1819
1820
1820
1820
1821
1821
1822
1822
1823
1823
1823
1823
1824
1826
1826
1827
1827
1827
1828
1829
1829
1829
1830
1832
1832
1833
1833
1834
1834
1834
1837
1838
1838
1839
1840
1840
1840
1840
1841
1842
1843
1843
1844
1844
1844
1844
1845
1845
1845
1846
1846
1847
1847
1847
1848
1848
1848
1848
1849
1849
1849
1851
1852
1853
1854
1854
1854
1855
1855
1856
1857
1858
1858
1858
1859
1860
1860
1860
1861
1861
1861
1862
1863
1864
1864
1865
1866
1866
1867
1867
1868
1868
1869
1869
1870
1870
1871
1871
1872
1872
1872
1873
1873
1874
1874
1875
1875
1875
1875
1876
1876
1877
1878
1878
1879
1879
1879
1879
1881
1881
1881
1881
1882
1883
1883
1884
1884
1885
1885
1885
1888
1889
1889
1889
1889
1889
1889
1890
1891
1892
1892
1892
1892
1892
1892
1893
1893
1894
1894
1895
1895
1895
1895
1896
1897
1897
1897
1898
1898
1899
1900
1900
1901
1901
1901
1902
1902
1902
1902
1903
1903
1903
1903
1903
1903
1903
1904
1905
1906
1906
1907
1907
1908
1908
1908
1909
1909
1909
1909
1911
1911
1911
1912
1913
1913
1913
1913
1915
1915
1915
1919
1919
1920
1920
1921
1923
1923
1924
1924
1924
1925
1925
1925
1926
1926
1926
1927
1928
1928
1928
1928
1928
1929
1929
1929
1931
1931
1931
1932
1932
1932
1932
1932
1934
1934
1934
1934
1936
1938
1938
1938
1938
1938
1938
1939
1939
1939
1939
1941
1941
1942
1943
1943
1943
1945
1946
1946
1946
1947
1947
1948
1948
1948
1949
1949
1949
1950
1951
1951
1952
1953
1954
1955
1955
1956
1956
1956
1956
1956
1957
1957
1957
1957
1957
1957
1958
1958
1958
1960
1960
1961
1962
1963
1964
1964
1964
1965
1965
1965
1967
1967
1969
1969
1970
1970
1970
1970
1971
1972
1974
1975
1976
1976
1977
1977
1977
1978
1978
1978
1978
1978
1979
1979
1980
1980
1980
1981
1982
1983
1984
1984
1984
1985
1985
1986
1987
1987
1987
1988
1988
1988
1988
1989
1989
1990
1991
1992
1992
1992
1992
1993
1993
1995
1995
1995
1996
1996
1996
1996
1997
1997
1997
1999
1999
2001
2001
2001
2002
2004
2006
2007
2007
2008
2008
2009
2011
2011
2011
2012
2012
2012
2013
2014
2015
2015
2015
2016
2016
2016
2018
2018
2018
2019
2020
2020
2021
2022
2022
2024
2024
2024
2024
2025
2025
2026
2026
2026
2027
2027
2027
2028
2028
2029
2030
2030
2031
2031
2033
2033
2035
2036
2037
2037
2037
2038
2038
2039
2039
2039
2039
2039
2040
2041
2041
2041
2041
2042
2042
2042
2042
2044
2044
2044
2045
2045
2045
2045
2045
2046
2046
2046
2047
2048
2049
2050
2050
2051
2052
2052
2052
2053
2053
2054
2056
2056
2056
2056
2057
2057
2058
2059
2059
2059
2060
2060
2061
2061
2061
2062
2065
2065
2065
2067
2067
2068
2068
2069
2069
2069
2069
2070
2073
2074
2074
2074
2074
2076
2076
2077
2078
2078
2079
2079
2079
2080
2080
2080
2081
2081
2081
2082
2082
2082
2083
2084
2084
2084
2085
2086
2087
2087
2088
2089
2089
2090
2090
2090
2092
2092
2092
2094
2094
2095
2095
2095
2096
2096
2097
2098
2099
2100
2100
2100
2101
2101
2101
2102
2102
2102
2103
2103
2103
2104
2105
2105
2105
2105
2105
2105
2106
2106
2106
2106
2107
2107
2108
2110
2111
2111
2112
2113
2114
2114
2114
2114
2114
2115
2115
2115
2115
2115
2116
2117
2117
2118
2118
2119
2119
2119
2119
2121
2121
2121
2121
2122
2123
2124
2124
2125
2125
2125
2126
2126
2126
2127
2129
2129
2129
2130
2130
2130
2130
2131
2131
2131
2131
2132
2132
2134
2134
2134
2135
2135
2135
2135
2136
2137
2137
2137
2137
2138
2138
2139
2139
2139
2139
2140
2140
2140
2140
2140
2141
2141
2141
2142
2143
2144
2146
2146
2148
2148
2150
2150
2150
2151
2151
2152
2152
2153
2154
2154
2155
2157
2158
2159
2160
2161
2161
2162
2162
2162
2163
2164
2164
2164
2164
2165
2165
2166
2166
2167
2167
2167
2168
2169
2169
2170
2171
2172
2173
2173
2173
2175
2175
2175
2178
2179
2180
2181
2183
2183
2185
2185
2185
2186
2186
2187
2187
2188
2188
2188
2188
2189
2190
2190
2190
2190
2191
2192
2192
2192
2192
2192
2192
2192
2194
2195
2195
2195
2195
2196
2197
2198
2198
2198
2199
2202
2202
2202
2202
2202
2204
2205
2206
2207
2207
2208
2208
2208
2208
2208
2208
2209
2209
2209
2210
2210
2211
2212
2214
2214
2214
2215
2216
2216
2216
2217
2218
2219
2220
2220
2221
2221
2221
2222
2223
2223
2225
2226
2227
2228
2228
2228
2229
2229
2230
2230
2231
2233
2233
2233
2234
2235
2235
2235
2235
2236
2236
2236
2237
2238
2238
2239
2239
2239
2239
2239
2239
2240
2241
2241
2241
2242
2242
2242
2244
2244
2244
2244
2247
2247
2247
2248
2248
2249
2250
2251
2251
2251
2251
2252
2252
2253
2253
2254
2254
2255
2255
2256
2257
2257
2258
2259
2260
2261
2262
2262
2262
2263
2264
2266
2268
2269
2269
2270
2271
2272
2272
2272
2273
2273
2273
2274
2274
2275
2276
2276
2276
2276
2277
2277
2277
2278
2278
2278
2279
2279
2280
2280
2281
2282
2283
2284
2284
2286
2286
2286
2286
2288
2288
2289
2290
2290
2291
2292
2293
2293
2293
2294
2295
2295
2296
2297
2297
2298
2299
2299
2300
2300
2300
2300
2301
2301
2301
2302
2303
2304
2305
2306
2306
2307
2307
2307
2307
2309
2309
2309
2309
2310
2310
2310
2311
2312
2312
2312
2312
2313
2314
2314
2314
2314
2316
2316
2317
2318
2318
2319
2321
2321
2321
2322
2323
2323
2324
2324
2327
2328
2328
2328
2331
2331
2331
2332
2332
2333
2334
2334
2335
2335
2335
2336
2336
2337
2337
2337
2338
2339
2339
2339
2339
2340
2340
2341
2341
2342
2343
2343
2343
2344
2344
2345
2346
2346
2347
2347
2348
2349
2350
2350
2350
2350
2350
2351
2352
2352
2352
2353
2353
2355
2355
2356
2356
2356
2357
2357
2358
2359
2359
2359
2361
2362
2362
2362
2363
2364
2366
2367
2367
2368
2370
2371
2371
2371
2371
2372
2372
2373
2373
2373
2374
2374
2374
2374
2375
2375
2376
2376
2376
2377
2377
2378
2378
2379
2380
2380
2380
2381
2382
2382
2382
2382
2383
2383
2383
2383
2384
2386
2387
2387
2387
2387
2388
2388
2388
2389
2390
2390
2391
2391
2392
2392
2392
2393
2393
2393
2393
2393
2393
2394
2395
2395
2396
2396
2396
2396
2397
2397
2398
2399
2400
2401
2402
2402
2402
2402
2403
2403
2403
2404
2404
2404
2404
2406
2407
2407
2408
2408
2409
2409
2409
2409
2410
2410
2411
2412
2412
2413
2413
2413
2414
2414
2415
2415
2415
2416
2416
2416
2417
2417
2418
2418
2419
2419
2419
2420
2420
2420
2421
2421
2424
2424
2425
2425
2425
2426
2427
2427
2427
2427
2428
2428
2429
2429
2430
2431
2431
2432
2432
2433
2433
2434
2434
2434
2435
2435
2435
2436
2437
2438
2438
2438
2438
2438
2439
2439
2439
2439
2441
2442
2442
2443
2444
2444
2446
2446
2446
2446
2447
2448
2450
2450
2451
2452
2452
2452
2453
2453
2453
2453
2453
2455
2455
2456
2457
2458
2459
2459
2460
2460
2460
2460
2462
2464
2465
2466
2466
2467
2469
2470
2470
2471
2471
2471
2472
2472
2472
2472
2473
2473
2473
2474
2475
2476
2477
2478
2479
2479
2480
2481
2482
2482
2483
2485
2485
2486
2487
2487
2487
2488
2488
2489
2489
2490
2490
2490
2490
2491
2491
2491
2491
2492
2492
2493
2493
2494
2495
2495
2496
2498
2499
2500
2500
2500
2501
2503
2503
2503
2503
2505
2507
2507
2508
2508
2509
2509
2509
2510
2511
2511
2512
2512
2512
2515
2515
2516
2516
2516
2516
2516
2517
2518
2519
2519
2519
2520
2520
2520
2521
2522
2524
2524
2525
2525
2525
2525
2526
2528
2529
2531
2531
2531
2531
2533
2533
2533
2533
2534
2534
2534
2534
2535
2536
2536
2537
2538
2538
2538
2540
2540
2541
2541
2542
2542
2543
2544
2544
2546
2547
2547
2548
2548
2548
2549
2550
2550
2551
2551
2551
2551
2552
2552
2553
2554
2554
2555
2556
2556
2557
2557
2557
2558
2558
2559
2560
2560
2560
2561
2561
2562
2563
2564
2564
2568
2568
2568
2568
2569
2569
2569
2571
2572
2573
2573
2573
2573
2573
2574
2574
2575
2576
2577
2577
2577
2578
2579
2579
2579
2581
2582
2584
2584
2584
2585
2585
2585
2585
2586
2588
2589
2589
2590
2590
2590
2591
2593
2594
2595
2596
2596
2597
2598
2598
2599
2599
2599
2600
2600
2600
2601
2601
2602
2602
2603
2603
2603
2603
2604
2604
2604
2604
2604
2605
2605
2605
2606
2606
2607
2607
2608
2608
2608
2608
2608
2609
2610
2611
2611
2611
2611
2611
2612
2613
2613
2615
2616
2616
2618
2618
2619
2620
2621
2621
2622
2623
2623
2624
2624
2624
2624
2624
2625
2625
2626
2626
2627
2627
2628
2628
2628
2628
2628
2630
2630
2630
2632
2632
2632
2633
2633
2634
2636
2636
2636
2638
2638
2639
2639
2639
2639
2640
2641
2641
2641
2642
2644
2644
2645
2646
2646
2647
2648
2648
2648
2648
2648
2649
2649
2649
2649
2650
2650
2650
2651
2651
2651
2652
2652
2653
2653
2653
2654
2654
2655
2656
2656
2657
2657
2658
2658
2658
2660
2661
2661
2661
2661
2662
2662
2662
2662
2664
2665
2665
2666
2670
2670
2670
2671
2671
2671
2671
2671
2672
2673
2673
2674
2674
2676
2678
2679
2680
2680
2681
2681
2681
2681
2683
2684
2684
2684
2684
2684
2685
2686
2686
2687
2687
2687
2687
2688
2688
2688
2688
2689
2689
2690
2690
2691
2692
2693
2694
2695
2696
2697
2697
2697
2697
2699
2699
2701
2701
2701
2702
2702
2702
2703
2703
2703
2703
2704
2704
2705
2707
2707
2707
2707
2707
2709
2709
2710
2710
2711
2712
2713
2714
2714
2715
2715
2716
2716
2717
2717
2718
2718
2719
2721
2721
2722
2723
2724
2724
2725
2726
2726
2726
2727
2730
2731
2731
2732
2732
2732
2732
2732
2732
2733
2733
2735
2736
2737
2737
2737
2737
2737
2739
2739
2739
2740
2740
2743
2744
2745
2745
2745
2746
2746
2747
2748
2748
2748
2749
2752
2753
2753
2753
2754
2754
2755
2755
2755
2755
2758
2758
2758
2759
2759
2760
2760
2761
2761
2761
2761
2762
2762
2762
2765
2766
2766
2768
2768
2768
2769
2769
2770
2770
2774
2775
2776
2777
2778
2778
2780
2783
2783
2783
2783
2783
2783
2783
2784
2784
2785
2785
2786
2788
2788
2788
2789
2789
2790
2791
2791
2791
2791
2792
2792
2792
2793
2793
2793
2793
2794
2794
2795
2795
2796
2796
2797
2797
2797
2798
2800
2800
2800
2802
2802
2802
2802
2803
2803
2804
2804
2805
2805
2806
2807
2807
2808
2808
2809
2810
2810
2810
2810
2811
2811
2811
2811
2811
2811
2812
2814
2814
2816
2816
2817
2819
2822
2825
2826
2826
2826
2827
2827
2827
2828
2829
2830
2830
2831
2831
2832
2832
2833
2834
2835
2835
2836
2836
2836
2836
2836
2837
2837
2838
2838
2839
2841
2842
2843
2844
2844
2844
2845
2845
2846
2846
2846
2846
2847
2847
2847
2849
2850
2851
2852
2853
2853
2855
2857
2858
2859
2859
2859
2859
2860
2860
2860
2860
2861
2862
2864
2864
2865
2865
2866
2866
2866
2866
2867
2867
2868
2868
2868
2869
2869
2870
2870
2871
2871
2872
2873
2873
2874
2874
2875
2875
2876
2876
2878
2880
2881
2881
2881
2882
2883
2884
2884
2884
2884
2885
2887
2887
2887
2887
2887
2888
2889
2889
2889
2890
2892
2892
2892
2892
2893
2893
2894
2895
2895
2895
2897
2898
2900
2902
2902
2902
2903
2903
2903
2903
2904
2904
2904
2904
2905
2905
2905
2906
2907
2908
2908
2908
2909
2909
2909
2910
2910
2911
2911
2913
2913
2913
2914
2914
2915
2915
2915
2915
2915
2916
2916
2916
2917
2917
2917
2918
2918
2918
2919
2919
2919
2919
2920
2920
2920
2920
2921
2922
2922
2923
2923
2923
2924
2925
2925
2925
2925
2925
2925
2926
2927
2927
2927
2928
2929
2930
2930
2930
2930
2930
2931
2931
2932
2932
2933
2934
2934
2935
2935
2936
2936
2936
2937
2937
2937
2937
2938
2939
2940
2940
2942
2942
2942
2942
2942
2942
2943
2944
2944
2944
2945
2945
2945
2945
2945
2946
2946
2947
2947
2947
2948
2949
2949
2950
2950
2951
2953
2953
2953
2954
2955
2956
2956
2956
2956
2958
2958
2958
2958
2958
2959
2959
2960
2960
2960
2961
2961
2961
2962
2962
2962
2962
2964
2964
2964
2964
2964
2964
2966
2966
2967
2968
2968
2970
2971
2971
2973
2974
2974
2975
2975
2975
2976
2976
2976
2976
2977
2977
2977
2977
2978
2978
2979
2980
2980
2980
2980
2981
2981
2981
2981
2982
2982
2982
2983
2983
2983
2984
2985
2985
2987
2987
2987
2988
2988
2989
2989
2989
2990
2990
2991
2991
2992
2993
2993
2994
2995
2995
2996
2996
2997
2997
2997
2997
2998
2998
3000
3001
3001
3001
3002
3002
3003
3004
3004
3005
3006
3006
3006
3007
3007
3008
3009
3010
3010
3012
3012
3012
3012
3013
3013
3014
3014
3016
3016
3019
3019
3020
3021
3021
3021
3022
3022
3023
3023
3023
3023
3023
3023
3023
3024
3024
3025
3025
3025
3025
3026
3028
3029
3029
3030
3030
3031
3031
3032
3032
3033
3033
3033
3033
3034
3034
3034
3034
3035
3035
3035
3037
3039
3039
3039
3040
3041
3042
3043
3044
3044
3044
3046
3046
3047
3047
3047
3048
3048
3048
3048
3049
3049
3049
3049
3050
3053
3054
3054
3055
3055
3055
3056
3056
3056
3057
3058
3058
3059
3060
3060
3062
3064
3064
3065
3065
3065
3065
3066
3067
3067
3068
3068
3068
3068
3068
3068
3070
3070
3071
3071
3072
3072
3075
3075
3076
3076
3076
3077
3078
3078
3079
3079
3080
3080
3080
3081
3081
3083
3083
3083
3083
3084
3085
3085
3085
3086
3087
3088
3088
3090
3090
3091
3092
3093
3093
3094
3094
3094
3095
3095
3095
3095
3095
3097
3097
3098
3099
3099
3100
3100
3102
3102
3102
3103
3103
3105
3105
3105
3105
3105
3105
3105
3106
3106
3106
3109
3110
3110
3110
3110
3111
3112
3112
3113
3114
3114
3114
3115
3115
3115
3116
3116
3116
3120
3120
3121
3122
3122
3122
3122
3123
3123
3124
3124
3126
3126
3127
3128
3128
3128
3128
3128
3129
3130
3131
3132
3133
3133
3133
3133
3134
3134
3135
3137
3138
3138
3139
3139
3140
3141
3141
3142
3143
3144
3146
3146
3148
3149
3149
3150
3150
3150
3151
3151
3152
3152
3154
3155
3156
3156
3157
3158
3159
3160
3160
3161
3161
3161
3161
3162
3163
3164
3164
3164
3165
3165
3165
3166
3167
3170
3170
3170
3171
3172
3175
3176
3177
3178
3181
3181
3181
3181
3181
3183
3184
3184
3184
3184
3185
3186
3187
3188
3189
3189
3189
3190
3190
3191
3192
3194
3194
3194
3195
3195
3195
3195
3195
3196
3196
3197
3198
3198
3198
3198
3199
3199
3200
3200
3201
3203
3203
3204
3204
3204
3205
3205
3205
3206
3206
3206
3206
3207
3208
3209
3209
3209
3210
3210
3210
3211
3212
3213
3213
3214
3214
3215
3215
3215
3216
3217
3217
3218
3218
3220
3220
3221
3221
3222
3223
3225
3226
3226
3228
3228
3229
3229
3230
3231
3232
3232
3232
3232
3233
3233
3233
3235
3236
3236
3236
3237
3238
3239
3239
3239
3241
3242
3243
3243
3243
3243
3243
3244
3245
3245
3246
3246
3246
3247
3248
3250
3251
3252
3252
3252
3253
3254
3255
3256
3256
3256
3257
3257
3259
3260
3260
3261
3261
3262
3262
3262
3263
3263
3263
3264
3265
3266
3266
3266
3266
3268
3268
3269
3270
3270
3270
3271
3272
3273
3273
3274
3274
3275
3278
3278
3281
3282
3284
3285
3285
3287
3287
3288
3289
3289
3290
3290
3290
3293
3293
3293
3294
3294
3295
3296
3296
3297
3299
3299
3299
3299
3299
3299
3300
3300
3300
3301
3302
3302
3304
3305
3305
3306
3307
3307
3307
3308
3309
3309
3310
3310
3310
3310
3311
3312
3314
3314
3314
3315
3316
3316
3316
3317
3317
3317
3318
3318
3320
3321
3321
3322
3322
3322
3323
3323
3323
3324
3324
3325
3327
3327
3327
3327
3327
3327
3328
3329
3330
3331
3331
3332
3332
3332
3334
3334
3334
3335
3335
3335
3335
3335
3336
3336
3336
3338
3338
3338
3338
3338
3339
3339
3339
3340
3341
3341
3342
3342
3346
3347
3347
3347
3348
3350
3350
3351
3352
3352
3353
3354
3354
3354
3355
3355
3355
3356
3356
3356
3356
3357
3357
3359
3360
3362
3362
3362
3363
3363
3364
3364
3365
3365
3365
3366
3366
3366
3366
3367
3367
3367
3368
3369
3370
3371
3371
3372
3372
3372
3373
3373
3373
3374
3375
3376
3376
3376
3378
3378
3379
3379
3380
3380
3381
3381
3381
3383
3383
3384
3384
3384
3385
3386
3386
3387
3387
3388
3388
3389
3390
3390
3391
3391
3392
3392
3393
3395
3395
3395
3395
3395
3395
3395
3396
3397
3397
3397
3398
3398
3399
3399
3400
3400
3400
3401
3403
3403
3403
3404
3404
3406
3406
3407
3408
3408
3408
3408
3410
3410
3411
3411
3412
3412
3412
3413
3414
3414
3416
3417
3417
3418
3418
3419
3419
3419
3420
3420
3421
3422
3422
3422
3422
3422
3423
3423
3423
3423
3423
3424
3424
3425
3426
3427
3427
3427
3428
3428
3430
3433
3433
3434
3434
3434
3435
3436
3436
3436
3437
3438
3439
3440
3440
3441
3447
3447
3447
3447
3448
3448
3449
3449
3450
3450
3452
3454
3454
3455
3455
3455
3455
3458
3458
3458
3458
3459
3459
3459
3460
3461
3461
3461
3462
3464
3464
3465
3465
3466
3466
3467
3468
3469
3469
3469
3472
3473
3475
3476
3476
3476
3477
3478
3480
3481
3481
3483
3483
3486
3487
3488
3488
3488
3488
3489
3489
3490
3490
3491
3492
3492
3492
3492
3493
3494
3494
3495
3496
3496
3497
3498
3499
3500
3500
3501
3501
3502
3503
3503
3504
3505
3505
3505
3505
3505
3506
3506
3506
3506
3508
3508
3509
3509
3510
3511
3511
3511
3511
3512
3512
3513
3514
3514
3515
3516
3516
3516
3516
3516
3517
3517
3517
3517
3517
3518
3519
3521
3521
3521
3521
3521
3522
3522
3522
3522
3522
3522
3523
3524
3525
3525
3526
3526
3528
3528
3530
3532
3532
3533
3534
3534
3534
3534
3534
3535
3535
3536
3536
3536
3537
3538
3538
3538
3540
3540
3541
3541
3542
3542
3542
3545
3545
3546
3547
3547
3547
3548
3549
3550
3551
3551
3551
3552
3552
3552
3553
3554
3554
3554
3554
3555
3556
3558
3558
3558
3558
3559
3559
3559
3559
3560
3561
3562
3563
3563
3563
3564
3564
3566
3567
3568
3569
3573
3573
3574
3575
3575
3575
3576
3580
3580
3580
3582
3584
3584
3585
3586
3586
3586
3586
3586
3586
3587
3587
3587
3589
3589
3589
3589
3590
3590
3590
3590
3591
3592
3592
3592
3593
3593
3594
3595
3596
3597
3597
3598
3599
3599
3600
3600
3601
3601
3602
3603
3603
3603
3604
3604
3605
3606
3606
3606
3607
3607
3607
3608
3609
3609
3609
3610
3610
3610
3610
3611
3611
3611
3612
3613
3614
3614
3614
3615
3615
3615
3616
3616
3617
3617
3618
3618
3619
3619
3619
3620
3620
3620
3621
3621
3622
3622
3622
3623
3623
3624
3624
3625
3625
3625
3626
3627
3627
3628
3629
3631
3632
3632
3633
3634
3634
3634
3635
3636
3638
3638
3638
3639
3639
3640
3641
3642
3644
3644
3645
3645
3645
3646
3646
3647
3648
3649
3649
3649
3650
3651
3652
3652
3653
3653
3653
3655
3655
3655
3655
3657
3658
3658
3658
3658
3660
3661
3661
3661
3662
3662
3664
3664
3664
3665
3666
3666
3667
3668
3668
3673
3674
3675
3675
3676
3676
3677
3678
3678
3678
3679
3679
3682
3682
3683
3683
3683
3683
3684
3685
3685
3686
3687
3688
3690
3691
3692
3692
3694
3694
3694
3694
3695
3696
3697
3697
3697
3698
3699
3699
3700
3700
3700
3700
3701
3702
3703
3704
3705
3706
3706
3707
3708
3710
3710
3710
3711
3712
3712
3712
3712
3713
3713
3715
3715
3715
3715
3716
3716
3716
3717
3717
3718
3718
3718
3719
3719
3719
3720
3720
3721
3722
3724
3724
3726
3727
3728
3728
3729
3729
3729
3730
3730
3732
3732
3732
3732
3732
3732
3733
3734
3734
3734
3735
3735
3735
3736
3736
3736
3737
3738
3738
3740
3740
3740
3741
3741
3741
3742
3742
3742
3743
3743
3744
3744
3746
3749
3749
3749
3749
3749
3749
3750
3751
3751
3751
3752
3754
3754
3755
3755
3757
3757
3757
3757
3757
3758
3758
3758
3759
3760
3761
3761
3761
3762
3764
3766
3768
3770
3771
3771
3771
3771
3771
3771
3772
3772
3775
3775
3775
3776
3776
3777
3780
3781
3782
3782
3782
3783
3784
3784
3785
3785
3785
3785
3786
3786
3788
3789
3791
3792
3793
3793
3793
3793
3794
3794
3796
3796
3797
3798
3798
3798
3798
3799
3800
3801
3802
3804
3804
3805
3805
3805
3806
3806
3807
3807
3807
3808
3809
3810
3811
3811
3812
3812
3813
3813
3814
3815
3815
3816
3816
3817
3819
3819
3819
3821
3821
3822
3823
3823
3824
3824
3826
3826
3826
3826
3827
3827
3828
3829
3830
3831
3832
3832
3832
3833
3835
3835
3836
3836
3836
3837
3837
3837
3839
3839
3839
3839
3840
3840
3840
3841
3842
3842
3843
3844
3844
3844
3845
3845
3847
3849
3849
3849
3850
3850
3850
3850
3851
3852
3853
3853
3854
3855
3857
3857
3857
3858
3858
3859
3859
3860
3860
3860
3861
3861
3861
3862
3865
3866
3866
3867
3868
3870
3871
3872
3873
3873
3874
3878
3878
3879
3879
3879
3880
3881
3882
3884
3884
3884
3884
3885
3886
3886
3888
3888
3889
3889
3889
3891
3891
3892
3893
3894
3894
3894
3894
3894
3896
3896
3896
3897
3898
3898
3898
3899
3899
3899
3899
3900
3901
3905
3906
3906
3906
3906
3907
3907
3907
3907
3910
3911
3911
3911
3911
3911
3912
3913
3914
3914
3915
3915
3916
3916
3917
3917
3917
3918
3918
3918
3919
3919
3919
3919
3920
3920
3921
3922
3923
3924
3925
3925
3926
3927
3927
3927
3931
3933
3933
3934
3934
3935
3936
3936
3937
3940
3940
3941
3941
3941
3942
3942
3943
3944
3944
3944
3945
3945
3945
3945
3947
3947
3948
3950
3950
3951
3952
3952
3953
3954
3955
3955
3956
3956
3956
3956
3957
3958
3958
3958
3959
3959
3959
3959
3960
3960
3961
3961
3961
3961
3961
3962
3962
3963
3963
3964
3964
3965
3966
3967
3967
3968
3969
3970
3971
3971
3972
3972
3973
3977
3978
3979
3981
3981
3982
3983
3984
3985
3985
3985
3987
3987
3988
3988
3988
3989
3989
3989
3993
3994
3994
3994
3995
3995
3996
3997
3997
3998
3998
3998
3999
3999
4001
4004
4004
4005
4005
4006
4007
4007
4007
4007
4008
4009
4009
4010
4010
4011
4011
4011
4012
4015
4016
4016
4017
4017
4019
4020
4020
4021
4021
4022
4022
4023
4024
4024
4025
4026
4026
4026
4027
4027
4028
4028
4028
4028
4029
4029
4029
4029
4030
4030
4031
4032
4033
4034
4034
4035
4035
4035
4036
4036
4036
4037
4037
4037
4038
4039
4039
4040
4041
4042
4043
4043
4044
4045
4045
4046
4046
4048
4048
4048
4049
4051
4051
4052
4053
4053
4054
4056
4057
4057
4058
4058
4059
4059
4060
4061
4061
4061
4062
4063
4063
4064
4064
4065
4065
4065
4066
4066
4066
4067
4067
4067
4069
4070
4070
4070
4070
4073
4073
4074
4076
4076
4076
4076
4077
4077
4078
4078
4078
4079
4080
4080
4080
4080
4081
4081
4081
4081
4082
4082
4083
4084
4084
4085
4085
4085
4085
4085
4086
4087
4088
4089
4090
4090
4091
4092
4092
4092
4092
4093
4094
4095
4096
4097
4097
4100
4100
4100
4101
4101
4102
4104
4104
4105
4106
4106
4106
4107
4107
4108
4108
4109
4110
4110
4110
4111
4111
4111
4111
4112
4112
4112
4112
4113
4113
4113
4114
4116
4117
4118
4119
4120
4121
4123
4123
4123
4124
4126
4127
4129
4129
4130
4131
4131
4132
4133
4134
4135
4137
4137
4137
4138
4138
4139
4139
4141
4143
4143
4143
4144
4144
4145
4145
4146
4146
4146
4147
4147
4149
4149
4150
4151
4153
4153
4153
4154
4154
4157
4157
4157
4158
4159
4159
4160
4160
4160
4161
4162
4162
4163
4163
4163
4163
4164
4165
4166
4167
4167
4168
4168
4168
4169
4169
4169
4169
4169
4170
4171
4173
4174
4174
4174
4175
4175
4175
4177
4179
4179
4180
4180
4182
4182
4182
4182
4183
4183
4184
4184
4185
4186
4187
4187
4189
4190
4190
4190
4191
4191
4193
4193
4195
4196
4197
4198
4199
4200
4200
4201
4202
4204
4205
4206
4206
4207
4208
4208
4209
4209
4209
4209
4211
4212
4212
4212
4212
4213
4213
4214
4214
4214
4215
4216
4218
4218
4218
4220
4220
4220
4221
4221
4221
4222
4222
4222
4223
4224
4224
4225
4227
4227
4227
4230
4230
4232
4233
4235
4237
4237
4237
4237
4238
4238
4238
4239
4239
4239
4241
4241
4242
4242
4244
4246
4246
4247
4247
4248
4248
4248
4249
4249
4250
4251
4251
4251
4253
4253
4253
4254
4255
4256
4257
4257
4259
4259
4260
4261
4262
4264
4265
4266
4266
4266
4268
4268
4269
4270
4270
4271
4271
4273
4273
4273
4274
4275
4276
4276
4276
4276
4276
4279
4280
4280
4280
4281
4281
4282
4282
4282
4286
4287
4287
4287
4288
4288
4288
4290
4291
4292
4292
4292
4293
4294
4294
4295
4296
4296
4296
4296
4297
4299
4299
4300
4300
4300
4300
4301
4301
4302
4302
4303
4304
4305
4305
4305
4306
4306
4308
4309
4309
4309
4313
4313
4314
4315
4317
4317
4317
4318
4318
4319
4319
4319
4319
4320
4321
4323
4325
4325
4329
4329
4331
4331
4331
4331
4332
4332
4333
4334
4334
4334
4334
4336
4336
4337
4339
4340
4340
4341
4342
4343
4343
4343
4344
4344
4344
4344
4345
4346
4346
4346
4347
4347
4347
4348
4350
4351
4351
4353
4353
4353
4353
4354
4354
4354
4355
4355
4356
4357
4358
4359
4360
4362
4362
4363
4363
4364
4365
4366
4367
4368
4368
4369
4371
4371
4372
4372
4372
4373
4374
4374
4374
4375
4375
4376
4377
4378
4379
4379
4379
4380
4381
4381
4381
4382
4383
4384
4384
4385
4386
4386
4386
4387
4387
4387
4388
4389
4389
4389
4391
4391
4392
4392
4393
4393
4394
4394
4395
4395
4395
4395
4397
4399
4399
4399
4399
4400
4400
4402
4403
4405
4405
4405
4406
4410
4410
4410
4410
4411
4411
4411
4411
4412
4412
4412
4413
4414
4414
4414
4415
4415
4416
4416
4417
4417
4418
4418
4419
4420
4421
4422
4422
4422
4422
4423
4423
4423
4425
4427
4427
4427
4427
4427
4427
4428
4429
4430
4430
4431
4432
4432
4433
4435
4435
4436
4437
4437
4437
4438
4438
4440
4441
4442
4442
4444
4444
4444
4445
4445
4446
4446
4447
4447
4448
4448
4448
4450
4451
4451
4452
4452
4452
4453
4455
4455
4455
4455
4456
4458
4459
4459
4460
4461
4461
4462
4462
4462
4462
4463
4463
4464
4464
4464
4464
4464
4465
4466
4468
4468
4468
4469
4469
4469
4470
4471
4471
4471
4473
4473
4473
4474
4475
4475
4475
4475
4476
4477
4477
4478
4478
4479
4479
4479
4479
4481
4482
4483
4483
4484
4484
4486
4488
4488
4488
4489
4489
4490
4490
4491
4492
4493
4494
4494
4494
4495
4496
4496
4496
4497
4498
4498
4499
4499
4501
4501
4502
4503
4503
4504
4507
4507
4508
4509
4510
4510
4511
4512
4513
4513
4514
4515
4516
4516
4517
4517
4519
4520
4522
4522
4522
4523
4524
4525
4525
4528
4528
4528
4529
4529
4530
4531
4534
4535
4537
4538
4538
4539
4539
4539
4539
4541
4542
4543
4543
4545
4546
4547
4548
4549
4550
4551
4553
4553
4553
4554
4554
4555
4555
4557
4559
4559
4559
4559
4560
4560
4561
4562
4562
4562
4565
4565
4568
4568
4569
4569
4569
4570
4570
4571
4573
4573
4573
4574
4574
4574
4575
4575
4575
4576
4577
4578
4581
4582
4583
4583
4583
4583
4583
4583
4583
4584
4584
4584
4585
4587
4587
4588
4589
4589
4589
4590
4591
4591
4591
4591
4592
4592
4594
4595
4596
4596
4597
4597
4597
4598
4598
4600
4600
4600
4601
4601
4602
4602
4602
4602
4603
4604
4607
4608
4608
4609
4609
4609
4610
4611
4612
4612
4612
4613
4614
4614
4614
4615
4615
4615
4616
4618
4618
4619
4619
4622
4623
4623
4623
4624
4624
4626
4628
4629
4630
4630
4630
4630
4632
4635
4636
4639
4639
4641
4641
4642
4642
4644
4645
4645
4647
4648
4648
4648
4648
4649
4650
4651
4653
4653
4656
4656
4657
4658
4658
4659
4661
4662
4663
4664
4665
4665
4665
4665
4667
4667
4667
4668
4668
4668
4669
4669
4671
4671
4671
4671
4671
4672
4672
4673
4673
4673
4674
4674
4675
4677
4678
4679
4679
4680
4683
4683
4684
4684
4684
4686
4687
4687
4687
4687
4688
4688
4688
4690
4693
4693
4693
4694
4695
4695
4696
4696
4698
4698
4699
4701
4701
4702
4702
4703
4703
4703
4703
4703
4703
4703
4704
4706
4706
4706
4706
4707
4707
4708
4708
4708
4708
4709
4709
4711
4711
4713
4714
4714
4714
4715
4715
4716
4716
4716
4717
4719
4720
4722
4722
4723
4723
4723
4724
4724
4725
4726
4726
4727
4729
4729
4730
4732
4732
4732
4733
4733
4733
4736
4736
4737
4738
4739
4739
4740
4740
4741
4742
4743
4743
4744
4745
4746
4746
4747
4747
4748
4749
4750
4751
4751
4753
4755
4756
4757
4758
4759
4760
4761
4763
4766
4767
4769
4770
4771
4771
4771
4772
4772
4772
4773
4773
4773
4774
4774
4775
4776
4778
4779
4780
4780
4781
4781
4782
4783
4783
4783
4785
4786
4787
4788
4788
4790
4791
4791
4792
4792
4793
4793
4794
4795
4795
4795
4796
4796
4797
4798
4798
4799
4800
4801
4802
4802
4802
4805
4805
4805
4806
4806
4807
4807
4808
4808
4810
4810
4811
4812
4814
4814
4815
4816
4817
4818
4819
4819
4819
4819
4821
4821
4821
4822
4825
4826
4827
4829
4829
4829
4831
4832
4833
4835
4838
4839
4841
4841
4842
4842
4843
4843
4843
4845
4846
4847
4848
4852
4852
4853
4854
4856
4856
4857
4857
4858
4861
4861
4862
4863
4864
4864
4865
4865
4865
4866
4867
4867
4868
4868
4868
4869
4869
4871
4871
4873
4873
4874
4874
4874
4875
4875
4875
4877
4878
4878
4878
4879
4879
4880
4880
4880
4880
4882
4883
4884
4884
4886
4889
4892
4892
4893
4893
4894
4894
4896
4897
4897
4899
4900
4900
4900
4901
4901
4901
4902
4904
4904
4904
4905
4907
4907
4908
4908
4908
4909
4909
4910
4910
4910
4912
4912
4913
4913
4914
4915
4916
4917
4917
4918
4919
4923
4923
4923
4925
4926
4926
4928
4929
4929
4929
4930
4930
4931
4932
4932
4932
4932
4933
4935
4935
4935
4937
4937
4938
4938
4939
4939
4940
4940
4941
4941
4941
4942
4943
4943
4944
4945
4947
4948
4948
4948
4948
4950
4950
4951
4952
4955
4955
4955
4958
4959
4960
4960
4960
4961
4962
4963
4963
4968
4969
4969
4972
4973
4973
4974
4976
4976
4978
4978
4978
4981
4981
4982
4984
4985
4985
4985
4985
4986
4987
4987
4988
4988
4992
4994
4994
4995
4995
4998
4999
4999
5000
5000
5000
5000
5000
5004
5005
5005
5007
5007
5008
5008
5009
5009
5010
5011
5012
5014
5016
5016
5017
5017
5018
5018
5018
5018
5018
5019
5020
5021
5021
5021
5023
5024
5025
5025
5025
5026
5027
5027
5028
5028
5029
5029
5029
5031
5032
5033
5033
5034
5034
5035
5035
5036
5036
5037
5037
5038
5038
5039
5040
5040
5040
5040
5040
5041
5042
5043
5043
5044
5044
5048
5050
5051
5051
5052
5053
5053
5054
5055
5055
5056
5056
5056
5056
5057
5057
5058
5058
5058
5058
5061
5061
5062
5064
5064
5065
5065
5066
5068
5069
5070
5071
5071
5073
5073
5073
5075
5077
5077
5078
5079
5079
5081
5083
5083
5083
5084
5085
5085
5085
5085
5087
5087
5087
5088
5089
5089
5090
5090
5091
5092
5092
5092
5095
5096
5099
5101
5102
5102
5103
5103
5104
5104
5104
5104
5106
5107
5107
5109
5109
5111
5111
5111
5111
5112
5113
5114
5114
5114
5114
5115
5115
5115
5117
5118
5118
5120
5122
5123
5126
5127
5127
5127
5128
5129
5130
5131
5131
5131
5133
5133
5134
5134
5134
5134
5137
5139
5140
5141
5142
5142
5143
5145
5145
5145
5146
5146
5147
5149
5152
5152
5153
5153
5153
5154
5155
5155
5156
5157
5158
5158
5160
5160
5160
5161
5161
5162
5163
5164
5164
5164
5168
5168
5170
5173
5174
5174
5175
5175
5177
5177
5178
5179
5179
5179
5181
5181
5182
5183
5184
5185
5185
5186
5187
5188
5188
5192
5192
5193
5193
5194
5199
5200
5201
5202
5203
5203
5203
5204
5204
5204
5205
5207
5208
5209
5210
5210
5211
5213
5214
5216
5220
5220
5221
5221
5222
5223
5223
5225
5225
5226
5227
5227
5227
5227
5227
5228
5228
5228
5229
5231
5232
5234
5234
5236
5237
5238
5238
5239
5239
5240
5240
5243
5243
5243
5244
5244
5245
5245
5250
5251
5252
5257
5258
5258
5260
5261
5262
5263
5264
5265
5266
5266
5266
5267
5268
5269
5270
5271
5272
5272
5272
5274
5275
5275
5276
5276
5277
5277
5279
5279
5279
5280
5281
5282
5283
5284
5284
5285
5285
5287
5287
5287
5288
5290
5292
5292
5292
5294
5295
5296
5296
5300
5300
5300
5301
5302
5302
5302
5304
5304
5306
5307
5309
5309
5310
5311
5312
5312
5314
5314
5314
5315
5316
5316
5320
5320
5321
5322
5323
5323
5324
5325
5325
5325
5326
5326
5326
5328
5328
5329
5329
5329
5331
5332
5332
5333
5333
5335
5335
5337
5338
5338
5339
5340
5341
5342
5345
5345
5346
5346
5348
5350
5350
5355
5357
5358
5358
5359
5359
5360
5361
5361
5361
5362
5365
5366
5368
5368
5369
5370
5370
5371
5374
5374
5374
5375
5375
5376
5379
5379
5379
5379
5381
5382
5382
5383
5384
5384
5384
5385
5386
5387
5387
5388
5388
5389
5389
5390
5391
5391
5391
5392
5393
5393
5394
5395
5395
5398
5398
5398
5399
5401
5403
5404
5405
5405
5408
5410
5411
5411
5411
5412
5412
5414
5414
5414
5415
5417
5417
5418
5419
5421
5422
5422
5422
5423
5425
5426
5426
5426
5427
5428
5429
5430
5431
5434
5434
5434
5434
5436
5437
5438
5438
5440
5441
5441
5443
5444
5445
5445
5445
5445
5447
5447
5448
5448
5449
5451
5451
5453
5453
5454
5455
5456
5457
5460
5460
5460
5461
5462
5467
5469
5469
5470
5470
5471
5471
5473
5474
5475
5475
5477
5478
5478
5478
5479
5479
5480
5482
5482
5485
5485
5486
5486
5486
5487
5488
5488
5489
5491
5492
5495
5495
5496
5496
5497
5499
5499
5501
5502
5502
5504
5504
5505
5505
5507
5509
5511
5511
5512
5514
5515
5515
5515
5517
5518
5520
5520
5520
5520
5520
5521
5521
5521
5522
5522
5523
5524
5524
5524
5525
5525
5526
5526
5528
5529
5529
5530
5532
5533
5533
5534
5535
5535
5535
5537
5538
5538
5538
5538
5539
5540
5540
5540
5540
5541
5541
5542
5543
5543
5544
5544
5545
5548
5548
5549
5549
5550
5550
5550
5550
5550
5551
5552
5552
5553
5554
5556
5556
5557
5557
5558
5558
5559
5559
5559
5561
5562
5563
5563
5564
5564
5564
5565
5566
5566
5567
5568
5571
5572
5573
5573
5575
5576
5577
5578
5579
5580
5580
5580
5582
5582
5583
5583
5583
5583
5584
5585
5585
5586
5586
5586
5587
5588
5588
5589
5589
5590
5590
5591
5592
5593
5593
5595
5596
5600
5601
5603
5606
5606
5607
5607
5607
5609
5609
5611
5611
5612
5612
5612
5613
5614
5615
5615
5615
5615
5617
5617
5621
5622
5622
5624
5624
5626
5627
5628
5629
5629
5629
5631
5631
5632
5633
5634
5635
5637
5638
5638
5638
5642
5643
5643
5644
5645
5645
5647
5647
5648
5649
5651
5653
5654
5654
5655
5655
5656
5657
5658
5658
5658
5662
5662
5662
5663
5664
5666
5669
5673
5674
5676
5677
5679
5680
5681
5681
5682
5683
5686
5686
5686
5687
5687
5689
5691
5693
5694
5695
5696
5698
5698
5703
5704
5705
5706
5706
5707
5709
5709
5709
5709
5710
5710
5712
5712
5713
5713
5714
5715
5717
5717
5718
5718
5719
5720
5721
5722
5723
5724
5725
5729
5730
5733
5733
5734
5735
5736
5736
5736
5738
5739
5740
5740
5741
5741
5742
5742
5742
5743
5743
5744
5744
5744
5745
5745
5748
5748
5749
5750
5751
5751
5751
5751
5755
5755
5755
5756
5757
5758
5759
5760
5760
5760
5761
5762
5762
5762
5763
5765
5766
5767
5767
5767
5768
5771
5772
5773
5774
5775
5776
5780
5780
5780
5781
5781
5781
5781
5782
5782
5782
5782
5783
5783
5783
5783
5784
5784
5786
5786
5787
5787
5790
5790
5790
5790
5790
5792
5794
5798
5799
5799
5799
5801
5801
5801
5802
5802
5803
5806
5807
5807
5808
5810
5811
5812
5812
5813
5813
5814
5816
5817
5817
5821
5822
5823
5824
5825
5825
5826
5826
5828
5829
5830
5832
5832
5833
5836
5837
5838
5838
5839
5840
5842
5843
5844
5845
5845
5850
5855
5855
5857
5858
5858
5859
5861
5861
5861
5861
5864
5867
5867
5869
5869
5869
5871
5872
5874
5879
5879
5881
5882
5882
5884
5886
5886
5887
5887
5890
5893
5893
5894
5894
5895
5896
5898
5898
5902
5902
5902
5906
5906
5907
5907
5908
5908
5909
5911
5911
5911
5913
5913
5913
5915
5917
5917
5917
5918
5921
5922
5922
5922
5923
5924
5924
5925
5925
5927
5927
5927
5927
5927
5928
5929
5929
5931
5931
5932
5933
5933
5933
5936
5937
5937
5938
5938
5938
5940
5942
5943
5946
5947
5947
5948
5948
5948
5950
5950
5951
5951
5952
5953
5954
5954
5957
5960
5960
5960
5961
5963
5964
5964
5964
5964
5965
5966
5967
5968
5969
5970
5970
5970
5972
5973
5973
5975
5975
5976
5976
5976
5977
5977
5978
5980
5981
5982
5982
5982
5982
5982
5983
5984
5988
5988
5988
5989
5990
5996
5996
5997
5997
5998
5999
5999
6001
6002
6002
6003
6004
6004
6004
6005
6006
6006
6008
6009
6009
6009
6010
6010
6010
6011
6012
6014
6014
6014
6015
6017
6017
6019
6020
6020
6020
6021
6021
6024
6025
6025
6026
6029
6029
6029
6030
6031
6032
6032
6032
6033
6033
6035
6035
6036
6036
6037
6041
6042
6042
6043
6043
6044
6045
6045
6048
6049
6051
6051
6052
6052
6052
6052
6054
6054
6054
6056
6058
6058
6059
6059
6060
6060
6060
6060
6061
6062
6062
6062
6062
6065
6066
6066
6066
6067
6067
6068
6068
6069
6070
6070
6073
6073
6074
6078
6078
6079
6079
6080
6081
6081
6082
6082
6083
6083
6086
6086
6091
6091
6091
6092
6093
6095
6095
6097
6097
6099
6100
6101
6103
6105
6107
6108
6109
6109
6109
6111
6112
6112
6113
6115
6115
6116
6116
6117
6121
6122
6122
6124
6124
6125
6125
6125
6125
6127
6127
6128
6129
6132
6132
6133
6133
6134
6134
6135
6136
6136
6136
6136
6137
6137
6138
6139
6140
6141
6142
6142
6143
6145
6146
6146
6148
6151
6151
6155
6156
6157
6157
6157
6157
6158
6158
6159
6161
6162
6162
6162
6163
6165
6167
6168
6170
6171
6172
6173
6173
6175
6175
6176
6177
6177
6178
6180
6182
6183
6183
6186
6186
6187
6188
6189
6189
6191
6191
6192
6192
6196
6197
6197
6198
6200
6202
6203
6203
6204
6205
6205
6205
6206
6209
6210
6211
6212
6212
6212
6212
6213
6213
6216
6217
6217
6219
6219
6219
6220
6221
6222
6222
6222
6223
6226
6227
6230
6231
6231
6231
6231
6234
6236
6237
6237
6239
6241
6242
6242
6245
6246
6248
6248
6248
6248
6249
6249
6251
6252
6256
6257
6257
6258
6259
6259
6259
6260
6261
6261
6266
6266
6267
6268
6269
6270
6270
6270
6273
6274
6275
6278
6280
6281
6281
6283
6283
6285
6292
6294
6295
6295
6296
6296
6298
6302
6302
6303
6303
6303
6304
6305
6306
6307
6307
6307
6308
6309
6313
6313
6313
6314
6314
6315
6317
6317
6317
6319
6321
6321
6321
6323
6324
6324
6325
6327
6327
6328
6329
6330
6330
6331
6331
6331
6331
6331
6331
6337
6339
6339
6339
6340
6341
6341
6341
6342
6342
6343
6344
6344
6347
6347
6347
6349
6349
6350
6350
6351
6352
6354
6355
6355
6356
6358
6358
6358
6361
6362
6364
6365
6366
6367
6368
6368
6369
6369
6370
6371
6374
6374
6375
6376
6376
6377
6377
6378
6378
6378
6379
6381
6381
6382
6382
6383
6386
6391
6391
6392
6393
6395
6395
6396
6397
6398
6400
6401
6401
6402
6403
6403
6404
6404
6404
6404
6405
6405
6406
6407
6407
6408
6408
6409
6409
6410
6413
6413
6413
6420
6420
6421
6421
6422
6423
6423
6423
6428
6429
6429
6430
6431
6431
6433
6433
6437
6437
6439
6439
6440
6441
6441
6441
6442
6445
6446
6447
6447
6448
6448
6449
6449
6451
6452
6453
6453
6454
6454
6455
6455
6455
6456
6457
6457
6458
6459
6459
6459
6460
6461
6462
6463
6463
6463
6463
6464
6465
6466
6468
6469
6470
6470
6470
6471
6472
6474
6474
6477
6477
6477
6479
6479
6479
6480
6481
6482
6482
6484
6486
6488
6488
6490
6490
6490
6491
6492
6493
6495
6495
6495
6496
6496
6496
6496
6497
6499
6500
6500
6502
6502
6503
6504
6507
6509
6510
6510
6511
6512
6513
6514
6515
6516
6518
6518
6518
6519
6519
6521
6521
6522
6523
6525
6526
6530
6530
6530
6531
6532
6532
6534
6535
6536
6536
6536
6537
6537
6538
6543
6546
6546
6548
6550
6550
6551
6551
6552
6557
6558
6559
6560
6561
6562
6564
6566
6568
6568
6569
6571
6572
6572
6573
6573
6576
6578
6578
6580
6580
6581
6581
6582
6584
6586
6586
6588
6589
6591
6592
6593
6593
6593
6593
6594
6595
6595
6595
6597
6598
6599
6600
6603
6606
6607
6608
6608
6610
6612
6613
6613
6613
6614
6615
6616
6618
6618
6618
6619
6619
6620
6622
6622
6623
6623
6626
6626
6626
6627
6628
6628
6630
6630
6630
6631
6632
6632
6633
6641
6646
6647
6648
6649
6650
6651
6653
6653
6654
6656
6658
6659
6660
6660
6661
6663
6663
6665
6666
6666
6666
6667
6669
6669
6670
6670
6670
6670
6672
6675
6680
6681
6684
6685
6687
6688
6689
6689
6689
6690
6692
6693
6697
6697
6699
6699
6700
6702
6703
6704
6704
6706
6706
6708
6709
6710
6710
6711
6713
6715
6716
6716
6717
6717
6719
6720
6720
6722
6723
6724
6725
6725
6726
6728
6729
6730
6731
6732
6733
6735
6736
6737
6738
6739
6739
6740
6743
6744
6744
6746
6747
6750
6753
6755
6756
6759
6759
6759
6760
6760
6761
6762
6762
6763
6764
6764
6764
6765
6765
6766
6766
6766
6766
6767
6768
6769
6769
6772
6772
6773
6774
6775
6777
6777
6781
6783
6783
6784
6789
6789
6789
6790
6790
6792
6794
6795
6796
6798
6799
6800
6802
6804
6804
6805
6805
6808
6809
6809
6810
6811
6811
6813
6816
6816
6817
6817
6817
6817
6817
6818
6818
6819
6819
6819
6821
6822
6825
6826
6827
6827
6827
6829
6832
6834
6835
6836
6837
6839
6839
6845
6846
6848
6852
6852
6857
6857
6857
6858
6859
6862
6863
6863
6864
6864
6865
6867
6867
6868
6868
6869
6869
6872
6872
6874
6874
6875
6880
6880
6882
6883
6884
6886
6887
6887
6888
6890
6891
6892
6895
6895
6896
6896
6897
6897
6898
6899
6899
6900
6901
6902
6903
6905
6906
6906
6909
6910
6911
6912
6913
6914
6915
6916
6916
6918
6919
6921
6922
6924
6924
6925
6926
6926
6928
6929
6930
6931
6933
6935
6936
6936
6936
6937
6937
6937
6940
6940
6940
6941
6941
6944
6945
6945
6945
6945
6945
6945
6945
6946
6947
6947
6949
6959
6959
6959
6960
6963
6963
6963
6965
6966
6967
6968
6972
6976
6977
6977
6978
6980
6983
6983
6987
6988
6988
6988
6991
6996
6997
6998
7000
7001
7002
7002
7006
7007
7007
7009
7012
7014
7014
7015
7020
7021
7021
7024
7024
7024
7025
7026
7027
7028
7030
7031
7031
7031
7035
7035
7035
7038
7039
7039
7041
7041
7043
7044
7044
7045
7046
7048
7048
7051
7051
7051
7054
7055
7055
7056
7056
7058
7059
7062
7063
7067
7068
7069
7071
7072
7074
7074
7076
7077
7077
7080
7081
7082
7082
7082
7083
7083
7084
7084
7085
7085
7086
7090
7090
7092
7093
7095
7100
7101
7102
7102
7103
7104
7106
7107
7108
7110
7113
7113
7115
7115
7115
7115
7120
7120
7121
7123
7124
7125
7126
7127
7129
7130
7135
7135
7136
7139
7141
7141
7141
7142
7143
7144
7145
7145
7146
7146
7148
7149
7149
7153
7153
7153
7156
7157
7158
7158
7159
7160
7162
7162
7163
7165
7165
7167
7168
7168
7172
7173
7173
7173
7175
7182
7183
7183
7183
7184
7184
7186
7187
7189
7190
7191
7191
7191
7193
7194
7196
7196
7196
7197
7198
7198
7200
7200
7201
7201
7207
7209
7211
7211
7211
7215
7215
7217
7218
7219
7220
7221
7221
7223
7224
7225
7228
7228
7229
7230
7231
7234
7235
7238
7239
7242
7242
7243
7243
7244
7245
7246
7246
7247
7252
7253
7254
7256
7257
7257
7258
7260
7260
7261
7262
7262
7264
7264
7265
7265
7267
7269
7270
7271
7271
7273
7273
7274
7276
7278
7282
7284
7284
7285
7286
7286
7287
7288
7288
7288
7289
7290
7293
7294
7294
7297
7301
7301
7301
7306
7307
7311
7315
7315
7316
7317
7317
7318
7319
7320
7322
7323
7323
7324
7327
7328
7330
7331
7331
7332
7335
7337
7339
7341
7344
7345
7346
7350
7351
7355
7358
7358
7360
7361
7361
7369
7370
7370
7371
7372
7372
7373
7373
7373
7379
7379
7383
7383
7384
7387
7388
7389
7389
7390
7390
7391
7391
7392
7394
7395
7395
7395
7395
7396
7397
7398
7398
7400
7400
7400
7403
7403
7404
7404
7405
7409
7412
7413
7418
7418
7419
7420
7420
7420
7421
7422
7425
7428
7430
7432
7432
7433
7434
7434
7435
7436
7437
7439
7440
7440
7441
7441
7442
7443
7444
7445
7446
7449
7455
7456
7456
7457
7457
7457
7461
7462
7463
7463
7464
7464
7465
7465
7468
7468
7470
7470
7471
7473
7473
7475
7475
7476
7476
7478
7479
7481
7481
7482
7484
7484
7484
7485
7485
7486
7487
7488
7491
7492
7494
7496
7497
7498
7498
7498
7499
7500
7501
7502
7505
7505
7506
7506
7507
7508
7509
7510
7510
7510
7515
7516
7518
7518
7519
7519
7520
7521
7521
7522
7523
7524
7524
7525
7526
7527
7527
7528
7528
7529
7531
7535
7536
7537
7538
7539
7542
7542
7543
7543
7545
7545
7545
7546
7546
7547
7547
7548
7549
7549
7549
7550
7551
7552
7552
7553
7554
7556
7559
7560
7561
7562
7564
7565
7566
7567
7569
7570
7571
7579
7580
7583
7584
7584
7585
7586
7591
7591
7592
7593
7593
7593
7594
7594
7597
7598
7598
7599
7599
7600
7600
7604
7608
7609
7609
7611
7612
7614
7614
7616
7618
7618
7620
7620
7622
7623
7623
7624
7626
7626
7627
7627
7627
7628
7629
7629
7630
7631
7631
7631
7632
7635
7635
7637
7637
7639
7643
7644
7644
7645
7645
7645
7646
7647
7647
7648
7649
7652
7653
7655
7655
7656
7658
7659
7660
7660
7660
7661
7661
7662
7662
7666
7669
7671
7674
7677
7678
7681
7683
7685
7687
7691
7691
7692
7692
7693
7693
7693
7693
7694
7696
7697
7699
7701
7701
7702
7703
7704
7706
7706
7706
7708
7708
7709
7712
7712
7713
7715
7715
7715
7718
7719
7720
7726
7726
7729
7730
7732
7734
7736
7736
7736
7737
7737
7744
7746
7747
7747
7747
7747
7752
7753
7753
7753
7753
7756
7759
7761
7762
7763
7764
7764
7765
7765
7767
7767
7768
7770
7770
7771
7771
7771
7772
7772
7774
7775
7777
7778
7778
7779
7781
7781
7784
7785
7785
7785
7787
7790
7790
7790
7791
7791
7791
7794
7794
7795
7795
7796
7800
7801
7802
7803
7803
7805
7806
7808
7812
7813
7813
7817
7818
7818
7820
7825
7826
7827
7827
7828
7828
7829
7831
7832
7832
7836
7836
7838
7839
7839
7841
7844
7849
7853
7853
7854
7855
7855
7857
7857
7859
7861
7861
7864
7868
7868
7869
7872
7872
7873
7874
7874
7875
7876
7878
7879
7879
7881
7881
7882
7884
7884
7886
7888
7890
7891
7895
7895
7896
7899
7899
7900
7900
7902
7902
7903
7903
7904
7909
7910
7911
7911
7916
7920
7923
7925
7925
7926
7927
7928
7928
7928
7930
7930
7930
7930
7932
7932
7933
7933
7935
7937
7941
7944
7944
7944
7946
7947
7948
7949
7949
7950
7951
7952
7953
7955
7955
7956
7958
7958
7959
7959
7959
7959
7959
7961
7962
7963
7965
7966
7969
7971
7973
7973
7976
7976
7978
7979
7979
7980
7982
7982
7983
7983
7984
7993
7993
7995
7996
7997
8000
8000
8004
8006
8007
8008
8009
8009
8010
8011
8019
8020
8023
8025
8025
8027
8027
8028
8029
8032
8032
8035
8036
8037
8037
8039
8044
8044
8044
8045
8046
8048
8052
8052
8053
8054
8056
8057
8057
8059
8061
8061
8064
8066
8068
8068
8068
8070
8073
8075
8075
8076
8076
8076
8077
8077
8079
8079
8080
8082
8083
8083
8084
8085
8086
8087
8088
8089
8090
8092
8093
8093
8093
8095
8095
8095
8095
8097
8098
8099
8099
8101
8105
8107
8112
8113
8117
8119
8119
8122
8122
8123
8124
8126
8127
8129
8129
8130
8131
8131
8132
8132
8132
8133
8134
8136
8140
8141
8142
8145
8146
8148
8151
8153
8154
8155
8156
8158
8160
8160
8161
8162
8162
8166
8166
8169
8170
8171
8171
8173
8173
8174
8176
8176
8177
8178
8179
8179
8182
8182
8182
8183
8184
8186
8186
8188
8188
8189
8190
8191
8193
8196
8196
8197
8199
8200
8202
8205
8209
8209
8209
8210
8210
8212
8214
8215
8216
8217
8219
8219
8220
8223
8225
8229
8229
8234
8235
8236
8238
8240
8240
8241
8242
8242
8243
8243
8243
8243
8249
8250
8252
8253
8253
8254
8255
8255
8261
8264
8266
8270
8270
8271
8271
8271
8272
8273
8273
8273
8274
8275
8276
8276
8277
8279
8279
8280
8280
8282
8282
8282
8286
8288
8289
8289
8289
8290
8290
8290
8293
8294
8297
8298
8298
8298
8299
8301
8302
8303
8303
8303
8303
8304
8314
8316
8318
8319
8320
8320
8320
8321
8321
8321
8322
8326
8326
8328
8330
8331
8332
8334
8336
8337
8338
8339
8340
8343
8344
8345
8346
8349
8349
8352
8356
8357
8357
8358
8358
8359
8362
8362
8365
8366
8368
8371
8371
8377
8378
8381
8381
8383
8384
8384
8384
8386
8389
8390
8393
8401
8401
8402
8402
8404
8407
8408
8411
8413
8414
8414
8418
8419
8419
8420
8420
8421
8422
8428
8428
8430
8432
8433
8433
8434
8434
8436
8436
8440
8440
8444
8447
8447
8448
8449
8450
8453
8454
8454
8456
8456
8463
8463
8464
8468
8468
8468
8470
8471
8472
8472
8473
8474
8475
8476
8476
8477
8479
8482
8483
8485
8487
8492
8492
8493
8495
8496
8497
8498
8498
8498
8500
8500
8501
8504
8506
8509
8518
8518
8519
8519
8520
8523
8524
8525
8526
8529
8529
8531
8533
8535
8537
8537
8538
8540
8541
8541
8543
8544
8549
8549
8550
8557
8557
8558
8559
8559
8560
8560
8563
8564
8566
8566
8568
8572
8573
8574
8577
8577
8578
8578
8579
8580
8581
8588
8588
8590
8590
8591
8592
8593
8597
8598
8605
8605
8606
8607
8608
8608
8608
8611
8612
8613
8613
8613
8613
8614
8615
8616
8620
8621
8621
8622
8624
8625
8627
8627
8628
8631
8632
8634
8636
8638
8639
8639
8641
8642
8643
8643
8645
8651
8652
8652
8653
8654
8655
8656
8657
8660
8662
8663
8664
8666
8666
8668
8668
8671
8673
8675
8675
8676
8681
8682
8684
8687
8688
8689
8691
8691
8693
8694
8695
8697
8698
8698
8700
8702
8707
8710
8711
8711
8714
8715
8715
8719
8723
8724
8726
8726
8728
8731
8732
8733
8733
8733
8733
8737
8738
8739
8746
8747
8750
8751
8755
8760
8761
8761
8761
8765
8767
8772
8772
8774
8775
8775
8777
8784
8786
8787
8788
8788
8789
8791
8793
8795
8796
8796
8797
8797
8798
8799
8801
8801
8803
8804
8805
8805
8812
8814
8816
8816
8818
8820
8821
8821
8822
8823
8823
8824
8825
8829
8831
8834
8836
8836
8836
8843
8845
8847
8849
8850
8852
8855
8855
8856
8857
8859
8862
8862
8864
8865
8867
8868
8869
8870
8870
8872
8874
8879
8881
8882
8884
8886
8886
8888
8888
8891
8891
8892
8895
8896
8897
8897
8898
8902
8903
8906
8906
8908
8908
8910
8912
8912
8913
8914
8916
8917
8918
8919
8919
8919
8922
8923
8926
8926
8928
8929
8930
8931
8932
8933
8934
8934
8939
8940
8941
8941
8942
8942
8943
8943
8945
8951
8951
8955
8956
8959
8959
8959
8960
8965
8966
8967
8969
8971
8971
8974
8975
8976
8978
8978
8978
8980
8983
8983
8984
8984
8989
8990
8993
8995
8997
9001
9001
9002
9002
9003
9003
9003
9004
9005
9007
9007
9008
9008
9010
9011
9015
9015
9016
9016
9021
9021
9023
9023
9025
9026
9026
9028
9028
9034
9035
9037
9042
9043
9043
9044
9044
9046
9046
9048
9049
9052
9052
9052
9054
9056
9057
9058
9061
9061
9062
9063
9063
9066
9067
9067
9067
9070
9072
9078
9079
9081
9083
9087
9088
9092
9094
9095
9097
9097
9097
9100
9101
9101
9103
9103
9104
9104
9105
9108
9109
9109
9110
9113
9117
9119
9121
9121
9125
9127
9129
9133
9134
9136
9136
9138
9141
9141
9144
9145
9146
9146
9148
9150
9152
9152
9152
9152
9153
9154
9156
9156
9157
9157
9160
9160
9161
9161
9163
9167
9167
9168
9168
9174
9175
9179
9179
9179
9179
9180
9181
9182
9183
9184
9184
9184
9188
9191
9192
9193
9193
9194
9194
9195
9198
9198
9198
9198
9199
9199
9202
9206
9206
9207
9208
9211
9212
9212
9212
9215
9217
9217
9218
9219
9222
9222
9223
9225
9225
9226
9229
9232
9235
9237
9237
9239
9240
9240
9241
9245
9245
9248
9249
9249
9249
9251
9255
9260
9261
9265
9268
9269
9271
9272
9272
9273
9274
9275
9275
9287
9290
9291
9291
9292
9295
9295
9297
9299
9301
9302
9303
9307
9308
9311
9315
9316
9316
9319
9320
9321
9321
9322
9323
9325
9327
9329
9331
9332
9333
9333
9333
9334
9335
9336
9339
9342
9344
9344
9345
9349
9352
9353
9357
9358
9359
9364
9364
9365
9366
9366
9369
9369
9369
9370
9372
9373
9377
9377
9378
9379
9384
9386
9387
9388
9391
9391
9391
9393
9394
9394
9394
9394
9395
9398
9400
9400
9400
9401
9401
9402
9402
9403
9403
9404
9404
9409
9409
9409
9410
9414
9419
9422
9427
9429
9429
9433
9437
9439
9440
9445
9446
9446
9446
9446
9450
9451
9455
9459
9461
9466
9468
9469
9470
9471
9474
9475
9475
9477
9477
9477
9477
9480
9480
9482
9484
9484
9485
9490
9493
9495
9496
9499
9501
9503
9503
9507
9507
9510
9510
9511
9513
9514
9514
9516
9522
9522
9525
9526
9526
9527
9527
9528
9530
9531
9532
9532
9533
9535
9536
9536
9540
9542
9542
9542
9546
9547
9549
9550
9550
9550
9550
9551
9552
9554
9555
9557
9557
9557
9558
9558
9561
9566
9567
9571
9571
9572
9573
9574
9574
9574
9575
9576
9577
9580
9581
9584
9586
9587
9601
9602
9604
9605
9605
9606
9608
9612
9614
9614
9615
9618
9626
9628
9630
9631
9632
9638
9640
9641
9642
9643
9644
9645
9646
9646
9647
9648
9649
9650
9651
9652
9652
9653
9660
9662
9664
9666
9668
9668
9669
9669
9671
9672
9678
9680
9681
9684
9686
9687
9696
9696
9699
9701
9701
9702
9703
9704
9704
9706
9709
9709
9711
9712
9712
9713
9713
9716
9717
9718
9721
9721
9724
9724
9725
9725
9730
9733
9743
9744
9744
9746
9749
9751
9753
9755
9756
9759
9763
9763
9765
9765
9773
9773
9774
9774
9775
9776
9776
9777
9777
9778
9778
9779
9780
9781
9782
9782
9783
9784
9785
9787
9788
9789
9789
9789
9790
9791
9792
9793
9794
9796
9800
9801
9805
9805
9807
9808
9811
9811
9812
9812
9814
9816
9817
9817
9820
9832
9832
9835
9838
9838
9841
9841
9843
9845
9847
9848
9848
9849
9856
9856
9861
9861
9867
9867
9878
9881
9887
9887
9890
9893
9893
9896
9896
9899
9900
9900
9900
9901
9902
9903
9903
9904
9907
9907
9911
9913
9915
9916
9916
9917
9921
9922
9922
9923
9926
9929
9930
9930
9931
9931
9931
9932
9935
9935
9939
9940
9941
9942
9944
9944
9946
9947
9948
9950
9951
9953
9953
9957
9957
9959
9959
9963
9965
9966
9967
9968
9970
9970
9971
9972
9974
9977
9978
9979
9980
9984
9984
9985
9994
9994
9996
10002
10006
10006
10006
10011
10012
10012
10013
10015
10015
10016
10017
10022
10022
10027
10028
10028
10028
10030
10032
10033
10034
10034
10035
10038
10040
10041
10048
10049
10049
10056
10057
10057
10059
10059
10060
10063
10065
10066
10066
10067
10067
10068
10068
10069
10071
10073
10075
10075
10076
10077
10078
10079
10080
10081
10083
10084
10089
10090
10091
10094
10096
10097
10097
10102
10102
10106
10107
10108
10112
10112
10114
10116
10120
10120
10120
10122
10122
10125
10125
10128
10128
10129
10131
10134
10136
10141
10141
10145
10146
10148
10149
10150
10152
10157
10158
10158
10161
10161
10161
10162
10164
10168
10171
10174
10178
10178
10179
10181
10183
10184
10186
10190
10191
10200
10202
10203
10203
10203
10207
10209
10213
10214
10217
10218
10221
10222
10223
10223
10224
10224
10224
10225
10227
10230
10230
10231
10235
10243
10246
10246
10248
10254
10256
10258
10258
10258
10259
10266
10268
10269
10271
10272
10281
10283
10288
10290
10290
10291
10294
10297
10298
10299
10299
10304
10304
10304
10304
10304
10309
10310
10310
10311
10312
10312
10314
10314
10315
10316
10318
10325
10326
10328
10332
10334
10334
10336
10336
10337
10339
10340
10342
10343
10348
10353
10354
10355
10357
10362
10362
10363
10368
10369
10370
10370
10371
10376
10381
10386
10386
10387
10388
10389
10389
10391
10392
10394
10394
10396
10398
10398
10401
10404
10404
10406
10407
10408
10410
10410
10410
10413
10415
10416
10421
10422
10422
10426
10430
10433
10433
10434
10435
10438
10438
10441
10442
10447
10452
10456
10460
10460
10461
10466
10471
10471
10471
10478
10484
10485
10488
10488
10492
10499
10499
10501
10501
10503
10503
10506
10509
10510
10514
10515
10516
10517
10518
10520
10521
10521
10521
10523
10523
10527
10527
10530
10533
10535
10539
10545
10545
10546
10547
10551
10553
10554
10555
10555
10556
10556
10556
10556
10558
10561
10561
10563
10564
10564
10566
10568
10573
10573
10575
10577
10579
10581
10582
10583
10584
10589
10595
10603
10604
10605
10609
10610
10611
10621
10622
10627
10629
10632
10633
10637
10638
10639
10644
10645
10647
10647
10647
10648
10648
10648
10649
10652
10654
10657
10660
10661
10662
10664
10666
10667
10668
10668
10669
10670
10671
10673
10676
10683
10685
10685
10685
10687
10689
10692
10693
10701
10703
10703
10704
10706
10708
10709
10710
10711
10712
10718
10724
10725
10729
10729
10731
10734
10740
10743
10745
10748
10749
10754
10755
10758
10760
10766
10768
10771
10773
10777
10779
10780
10783
10786
10787
10788
10790
10791
10795
10798
10799
10801
10802
10803
10809
10809
10809
10819
10820
10823
10823
10826
10829
10831
10833
10837
10839
10842
10843
10844
10844
10849
10854
10856
10857
10860
10861
10862
10865
10865
10868
10868
10874
10876
10881
10887
10888
10890
10896
10898
10902
10906
10910
10912
10916
10917
10917
10919
10920
10921
10921
10922
10931
10938
10938
10943
10947
10948
10949
10949
10949
10953
10956
10957
10959
10959
10962
10963
10966
10966
10966
10970
10970
10971
10972
10976
10977
10980
10982
10986
10987
10987
10988
10995
10996
10996
11002
11006
11010
11011
11012
11019
11021
11024
11025
11025
11027
11030
11031
11034
11035
11035
11036
11036
11037
11038
11039
11044
11044
11046
11050
11053
11054
11060
11062
11065
11066
11067
11070
11071
11072
11073
11074
11076
11076
11080
11080
11081
11083
11085
11086
11087
11089
11090
11090
11091
11093
11094
11098
11099
11108
11110
11115
11123
11124
11124
11124
11128
11130
11133
11134
11134
11137
11139
11140
11145
11145
11146
11148
11149
11151
11151
11153
11154
11158
11158
11160
11160
11162
11165
11165
11168
11170
11174
11174
11174
11179
11179
11188
11191
11192
11193
11193
11194
11196
11199
11202
11205
11206
11206
11210
11211
11214
11218
11218
11220
11220
11221
11222
11226
11228
11230
11231
11232
11232
11235
11235
11236
11237
11239
11239
11240
11242
11242
11243
11246
11246
11248
11249
11252
11255
11257
11260
11265
11265
11265
11269
11269
11273
11275
11275
11275
11279
11279
11286
11288
11296
11296
11306
11307
11309
11315
11315
11315
11317
11326
11327
11329
11329
11329
11331
11336
11340
11352
11355
11358
11359
11360
11361
11364
11366
11366
11368
11370
11370
11371
11371
11371
11373
11375
11380
11380
11389
11392
11392
11393
11396
11398
11401
11402
11404
11406
11406
11407
11409
11410
11411
11411
11414
11415
11416
11417
11420
11422
11423
11423
11423
11426
11426
11427
11431
11437
11442
11449
11450
11450
11454
11455
11456
11457
11459
11462
11462
11463
11464
11464
11467
11471
11471
11472
11472
11473
11481
11483
11483
11485
11486
11489
11490
11490
11492
11492
11498
11499
11500
11500
11500
11503
11504
11507
11512
11515
11519
11521
11521
11522
11523
11526
11532
11533
11536
11538
11541
11542
11543
11546
11552
11554
11554
11560
11561
11562
11572
11577
11581
11587
11589
11592
11592
11592
11593
11595
11598
11600
11603
11605
11605
11607
11611
11613
11615
11616
11616
11619
11620
11621
11624
11625
11628
11630
11630
11634
11636
11638
11639
11643
11644
11648
11650
11656
11657
11657
11658
11664
11667
11669
11669
11673
11679
11683
11683
11685
11687
11687
11689
11692
11692
11693
11694
11699
11699
11700
11701
11704
11705
11706
11707
11708
11710
11715
11715
11716
11723
11727
11731
11734
11737
11743
11748
11750
11750
11751
11751
11753
11755
11756
11760
11763
11764
11765
11767
11769
11769
11775
11776
11777
11778
11781
11783
11783
11786
11791
11794
11795
11804
11818
11822
11831
11832
11833
11836
11837
11840
11842
11851
11853
11854
11855
11855
11856
11857
11860
11864
11867
11874
11874
11877
11882
11884
11885
11885
11888
11891
11893
11897
11897
11901
11902
11902
11904
11907
11908
11909
11910
11912
11913
11915
11916
11918
11922
11924
11925
11925
11930
11930
11931
11934
11934
11936
11936
11937
11938
11941
11943
11943
11944
11948
11948
11949
11951
11954
11962
11963
11963
11971
11972
11972
11972
11973
11975
11975
11977
11980
11981
11982
11982
11984
11990
11991
11993
11993
11993
11996
11997
11998
11999
12000
12000
12005
12005
12007
12008
12010
12013
12014
12015
12015
12016
12018
12018
12027
12028
12037
12039
12039
12044
12047
12049
12050
12050
12058
12060
12061
12069
12071
12071
12073
12073
12074
12074
12075
12075
12076
12082
12083
12083
12084
12085
12089
12089
12099
12102
12105
12107
12109
12110
12112
12112
12114
12117
12121
12122
12123
12128
12132
12133
12134
12134
12137
12141
12142
12144
12148
12151
12152
12154
12154
12157
12159
12161
12165
12168
12170
12171
12172
12173
12174
12175
12177
12178
12180
12181
12185
12185
12189
12196
12198
12199
12200
12200
12207
12209
12219
12220
12222
12225
12225
12226
12226
12229
12233
12235
12236
12245
12246
12248
12252
12252
12254
12254
12258
12259
12261
12262
12263
12265
12268
12268
12268
12269
12272
12273
12274
12275
12276
12280
12280
12280
12285
12285
12287
12288
12288
12289
12290
12293
12294
12305
12305
12305
12311
12312
12313
12313
12318
12321
12323
12323
12324
12324
12327
12329
12330
12333
12339
12339
12339
12340
12340
12349
12351
12354
12357
12358
12359
12359
12360
12362
12364
12366
12367
12367
12372
12375
12378
12380
12380
12381
12385
12385
12389
12397
12400
12402
12404
12404
12405
12406
12406
12407
12419
12421
12429
12435
12436
12440
12441
12444
12445
12445
12449
12454
12454
12457
12458
12461
12463
12464
12470
12470
12471
12472
12481
12484
12487
12492
12495
12499
12500
12500
12501
12502
12502
12502
12503
12505
12507
12508
12509
12511
12513
12515
12516
12517
12525
12525
12529
12529
12534
12538
12547
12548
12550
12552
12553
12554
12555
12556
12556
12558
12558
12562
12563
12563
12564
12564
12566
12569
12570
12573
12574
12579
12579
12580
12585
12587
12593
12594
12598
12600
12606
12607
12615
12618
12619
12625
12626
12632
12634
12638
12639
12642
12645
12646
12648
12653
12659
12659
12663
12665
12665
12666
12671
12675
12676
12676
12678
12678
12684
12687
12689
12691
12693
12695
12698
12705
12706
12710
12710
12710
12711
12716
12722
12726
12726
12728
12728
12730
12731
12735
12737
12744
12744
12750
12752
12757
12761
12762
12762
12763
12767
12768
12772
12772
12773
12773
12775
12779
12780
12783
12788
12788
12795
12797
12799
12807
12812
12817
12817
12818
12821
12823
12827
12830
12834
12834
12837
12838
12838
12852
12855
12856
12860
12861
12865
12865
12868
12868
12869
12872
12875
12878
12879
12879
12880
12886
12887
12889
12895
12895
12899
12900
12903
12907
12907
12908
12915
12917
12921
12924
12925
12929
12939
12946
12950
12951
12953
12955
12965
12971
12971
12972
12973
12974
12977
12979
12981
12981
12982
12983
12984
12985
12986
12986
12991
12992
12994
12996
12996
13001
13005
13007
13008
13009
13010
13011
13019
13020
13022
13022
13026
13027
13028
13029
13031
13032
13033
13040
13047
13053
13059
13061
13062
13064
13068
13070
13072
13076
13076
13076
13078
13078
13078
13081
13082
13087
13089
13092
13097
13101
13102
13103
13111
13113
13115
13115
13118
13121
13131
13131
13134
13134
13137
13138
13148
13149
13151
13151
13156
13161
13171
13176
13179
13179
13180
13183
13185
13185
13191
13191
13192
13198
13201
13206
13208
13212
13213
13214
13221
13222
13224
13232
13233
13238
13241
13241
13242
13249
13250
13255
13257
13261
13263
13267
13268
13272
13277
13279
13280
13281
13286
13287
13287
13290
13291
13297
13297
13298
13299
13301
13303
13311
13322
13323
13324
13326
13332
13333
13334
13335
13335
13337
13340
13341
13346
13349
13349
13353
13356
13356
13359
13363
13367
13368
13375
13383
13388
13391
13399
13400
13401
13401
13411
13412
13422
13424
13425
13427
13427
13429
13430
13433
13439
13439
13442
13447
13452
13454
13455
13456
13457
13464
13464
13465
13478
13479
13484
13485
13487
13489
13495
13496
13498
13499
13499
13502
13503
13503
13507
13509
13519
13520
13521
13522
13527
13532
13539
13542
13543
13547
13548
13549
13553
13558
13559
13569
13572
13574
13598
13600
13601
13602
13602
13610
13613
13615
13623
13627
13633
13634
13636
13638
13643
13644
13648
13653
13654
13656
13667
13674
13676
13676
13679
13680
13688
13701
13702
13704
13708
13715
13716
13727
13731
13731
13731
13737
13742
13744
13744
13752
13759
13761
13763
13763
13772
13774
13776
13777
13778
13779
13781
13784
13788
13789
13790
13792
13793
13797
13801
13804
13804
13811
13812
13813
13815
13820
13825
13830
13835
13835
13837
13837
13840
13840
13850
13851
13854
13854
13859
13860
13862
13867
13869
13871
13878
13889
13889
13892
13895
13895
13910
13913
13913
13915
13919
13919
13920
13923
13926
13928
13928
13935
13937
13941
13941
13942
13946
13950
13950
13955
13956
13956
13959
13963
13965
13966
13967
13968
13969
13971
13977
13979
13980
13987
13993
13994
13996
14004
14005
14009
14010
14016
14018
14022
14024
14026
14031
14038
14038
14039
14040
14041
14046
14049
14050
14059
14060
14061
14069
14072
14074
14079
14079
14081
14083
14086
14090
14102
14103
14112
14115
14116
14124
14125
14126
14130
14130
14131
14132
14134
14138
14138
14141
14141
14144
14146
14147
14150
14151
14155
14162
14167
14168
14168
14176
14179
14187
14187
14189
14189
14195
14195
14200
14204
14204
14208
14212
14213
14217
14228
14229
14232
14235
14236
14241
14242
14243
14245
14247
14247
14249
14258
14259
14261
14266
14272
14273
14278
14278
14280
14281
14282
14282
14282
14287
14288
14290
14290
14291
14301
14302
14302
14304
14311
14317
14318
14318
14322
14323
14326
14328
14329
14331
14334
14351
14352
14361
14365
14369
14377
14381
14381
14383
14386
14386
14387
14389
14393
14394
14394
14397
14399
14399
14400
14401
14412
14418
14419
14422
14438
14444
14447
14447
14452
14454
14459
14461
14461
14463
14468
14468
14471
14473
14474
14474
14483
14483
14491
14496
14499
14499
14502
14502
14503
14509
14513
14518
14537
14539
14544
14548
14556
14558
14559
14561
14562
14564
14565
14567
14569
14571
14573
14573
14584
14586
14592
14594
14598
14602
14611
14613
14624
14630
14631
14632
14640
14642
14645
14646
14648
14649
14649
14651
14658
14659
14664
14672
14673
14675
14681
14681
14683
14685
14688
14689
14693
14693
14694
14697
14701
14703
14707
14710
14710
14712
14723
14725
14725
14727
14727
14729
14731
14734
14735
14739
14754
14755
14756
14756
14770
14771
14774
14780
14786
14788
14790
14790
14793
14794
14794
14796
14800
14805
14806
14813
14815
14820
14821
14822
14823
14824
14826
14828
14830
14833
14842
14847
14852
14857
14857
14857
14860
14862
14863
14866
14870
14873
14876
14877
14884
14891
14894
14895
14897
14899
14900
14913
14914
14917
14919
14920
14920
14921
14923
14924
14929
14929
14931
14934
14937
14947
14951
14957
14958
14959
14960
14961
14963
14963
14964
14965
14966
14973
14974
14974
14975
14977
14981
14989
14993
14996
14997
15003
15011
15012
15022
15035
15039
15039
15039
15041
15041
15043
15044
15047
15050
15051
15054
15055
15055
15060
15060
15074
15074
15078
15083
15085
15088
15090
15099
15106
15115
15115
15118
15119
15123
15124
15134
15137
15137
15141
15145
15147
15157
15157
15158
15160
15163
15171
15171
15179
15188
15191
15200
15207
15213
15213
15215
15218
15219
15220
15220
15221
15223
15227
15237
15244
15247
15249
15254
15255
15259
15261
15262
15269
15269
15271
15284
15286
15288
15290
15295
15302
15306
15312
15320
15321
15327
15328
15333
15333
15336
15337
15344
15345
15346
15351
15351
15354
15359
15366
15367
15368
15370
15374
15377
15377
15382
15384
15387
15391
15393
15400
15427
15429
15430
15433
15444
15445
15445
15449
15451
15452
15455
15458
15468
15469
15472
15502
15504
15509
15511
15515
15519
15520
15522
15529
15529
15531
15537
15539
15542
15543
15549
15549
15550
15555
15559
15560
15563
15568
15576
15576
15578
15603
15603
15609
15611
15617
15620
15623
15624
15629
15631
15632
15634
15635
15641
15641
15645
15647
15648
15655
15666
15670
15670
15673
15677
15681
15682
15692
15700
15706
15708
15712
15714
15715
15717
15720
15722
15723
15724
15729
15730
15735
15740
15745
15749
15749
15755
15758
15759
15764
15770
15775
15778
15785
15786
15790
15791
15793
15795
15798
15799
15801
15807
15813
15825
15826
15827
15829
15832
15833
15834
15835
15838
15841
15845
15848
15848
15849
15850
15851
15860
15861
15864
15870
15875
15890
15892
15892
15903
15910
15922
15926
15935
15936
15937
15946
15948
15954
15954
15958
15964
15964
15967
15970
15982
15983
15983
15987
15987
15987
15988
15999
16000
16000
16002
16007
16009
16019
16025
16031
16034
16035
16044
16049
16049
16053
16054
16055
16057
16057
16062
16063
16063
16066
16070
16084
16089
16091
16094
16097
16098
16105
16106
16108
16122
16122
16123
16125
16128
16132
16133
16144
16145
16146
16147
16148
16152
16163
16167
16167
16171
16171
16171
16174
16178
16180
16187
16190
16193
16194
16194
16195
16208
16208
16209
16217
16234
16242
16262
16267
16269
16269
16274
16274
16274
16274
16279
16285
16289
16290
16293
16294
16295
16301
16306
16309
16317
16319
16319
16328
16329
16334
16340
16341
16354
16354
16355
16362
16365
16382
16383
16387
16389
16390
16391
16406
16407
16416
16416
16417
16418
16419
16423
16426
16427
16431
16438
16441
16441
16442
16443
16445
16451
16452
16453
16457
16465
16476
16484
16496
16498
16500
16507
16509
16511
16511
16517
16528
16532
16533
16535
16538
16539
16543
16545
16545
16546
16565
16567
16577
16579
16579
16584
16596
16604
16605
16608
16613
16615
16618
16619
16621
16621
16627
16629
16630
16631
16632
16635
16636
16638
16645
16649
16651
16664
16668
16674
16681
16690
16691
16696
16697
16701
16703
16713
16725
16726
16730
16736
16738
16759
16786
16792
16796
16800
16805
16808
16810
16811
16814
16821
16823
16823
16834
16835
16842
16849
16853
16855
16856
16861
16865
16867
16870
16870
16890
16893
16894
16895
16895
16900
16901
16902
16902
16905
16911
16913
16919
16926
16930
16932
16934
16949
16950
16956
16958
16967
16978
16982
16982
16998
16998
17000
17001
17002
17006
17007
17012
17023
17026
17028
17029
17033
17055
17056
17059
17060
17070
17076
17077
17080
17090
17093
17104
17112
17121
17121
17122
17124
17130
17130
17143
17149
17158
17159
17161
17166
17167
17167
17171
17178
17179
17180
17181
17184
17191
17198
17201
17208
17208
17208
17209
17210
17212
17214
17222
17233
17240
17246
17247
17249
17252
17254
17261
17261
17264
17279
17282
17293
17298
17300
17300
17304
17306
17308
17309
17317
17320
17321
17323
17331
17334
17338
17343
17345
17345
17352
17356
17363
17364
17368
17368
17378
17384
17399
17402
17413
17417
17429
17442
17443
17452
17452
17458
17460
17463
17466
17474
17478
17484
17484
17489
17497
17501
17505
17507
17512
17519
17523
17531
17535
17539
17540
17542
17547
17548
17554
17558
17580
17583
17592
17592
17596
17596
17598
17602
17603
17608
17609
17618
17627
17632
17640
17641
17651
17652
17653
17659
17662
17666
17678
17689
17699
17704
17719
17723
17728
17766
17773
17785
17788
17788
17794
17799
17808
17815
17816
17821
17821
17823
17828
17839
17840
17842
17848
17851
17854
17862
17862
17864
17875
17882
17885
17885
17887
17889
17889
17894
17895
17895
17897
17900
17913
17921
17937
17937
17938
17944
17944
17953
17954
17955
17962
17967
17975
17997
18000
18004
18006
18008
18011
18014
18018
18022
18030
18044
18049
18050
18066
18070
18072
18072
18077
18079
18079
18081
18087
18096
18097
18109
18114
18117
18121
18122
18125
18133
18133
18139
18144
18145
18145
18152
18153
18156
18158
18169
18171
18174
18181
18182
18184
18187
18194
18203
18203
18220
18220
18230
18240
18274
18285
18287
18296
18301
18308
18314
18316
18325
18333
18336
18340
18356
18357
18365
18372
18385
18398
18403
18413
18416
18423
18426
18438
18446
18446
18450
18450
18459
18461
18463
18463
18466
18469
18473
18476
18479
18486
18488
18512
18516
18525
18529
18531
18536
18548
18548
18551
18552
18552
18563
18578
18580
18593
18595
18599
18604
18604
18606
18608
18611
18612
18626
18631
18637
18637
18655
18664
18666
18670
18679
18679
18684
18687
18687
18689
18690
18695
18697
18701
18720
18732
18732
18735
18739
18745
18759
18773
18776
18783
18785
18787
18789
18800
18804
18813
18820
18820
18862
18863
18878
18878
18879
18889
18899
18901
18904
18914
18918
18920
18938
18949
18958
18969
18979
18980
18986
18988
19004
19029
19029
19033
19039
19040
19049
19066
19068
19080
19091
19108
19111
19119
19121
19122
19127
19128
19130
19138
19148
19155
19164
19192
19193
19203
19224
19224
19236
19236
19240
19240
19247
19253
19264
19270
19289
19294
19296
19300
19300
19301
19314
19317
19318
19326
19344
19344
19363
19366
19371
19373
19374
19376
19379
19383
19385
19390
19391
19391
19393
19394
19395
19401
19405
19405
19410
19433
19435
19454
19475
19484
19488
19493
19496
19513
19516
19522
19533
19538
19546
19556
19581
19586
19587
19591
19600
19623
19628
19638
19662
19663
19663
19688
19702
19708
19709
19711
19713
19717
19718
19739
19750
19758
19762
19768
19769
19776
19777
19781
19793
19815
19816
19825
19827
19837
19839
19851
19853
19858
19878
19884
19886
19891
19901
19911
19917
19923
19927
19942
19943
19945
19947
19958
19960
19964
19973
19975
19975
19991
20001
20002
20007
20026
20033
20036
20041
20043
20043
20048
20050
20051
20067
20072
20076
20080
20080
20081
20092
20097
20100
20102
20107
20113
20129
20141
20142
20150
20156
20161
20161
20161
20166
20175
20180
20183
20186
20203
20205
20213
20214
20228
20230
20240
20243
20250
20275
20300
20306
20321
20323
20334
20344
20345
20347
20350
20352
20355
20357
20357
20362
20370
20371
20395
20399
20408
20409
20424
20424
20429
20437
20438
20457
20458
20459
20465
20471
20474
20490
20497
20498
20500
20507
20513
20516
20519
20526
20529
20534
20538
20540
20550
20552
20562
20589
20604
20610
20612
20617
20633
20643
20660
20668
20671
20672
20672
20687
20692
20697
20700
20704
20709
20717
20724
20726
20729
20740
20773
20775
20775
20793
20796
20802
20820
20820
20824
20824
20847
20849
20859
20870
20875
20875
20875
20884
20901
20902
20903
20903
20907
20908
20912
20921
20923
20942
20954
20955
20976
20986
21003
21008
21013
21014
21020
21035
21042
21042
21048
21048
21061
21078
21094
21117
21120
21121
21136
21140
21164
21171
21186
21190
21212
21220
21226
21228
21255
21258
21273
21275
21288
21292
21305
21316
21319
21330
21333
21337
21342
21355
21359
21375
21376
21393
21397
21417
21418
21425
21438
21447
21450
21454
21457
21472
21493
21509
21520
21527
21530
21550
21552
21556
21564
21573
21573
21574
21598
21600
21603
21622
21640
21654
21656
21658
21668
21689
21691
21700
21701
21703
21720
21727
21733
21738
21738
21757
21758
21774
21775
21787
21808
21816
21824
21842
21861
21862
21863
21864
21882
21900
21918
21937
21942
21948
21967
21972
21985
21996
21997
21998
22010
22034
22042
22064
22076
22077
22083
22115
22115
22131
22131
22156
22156
22158
22168
22169
22169
22177
22187
22190
22199
22199
22213
22219
22229
22238
22262
22296
22296
22305
22306
22311
22317
22320
22322
22331
22341
22342
22343
22348
22351
22352
22357
22360
22361
22387
22392
22392
22398
22398
22403
22406
22415
22440
22448
22458
22469
22495
22497
22502
22523
22532
22532
22537
22548
22565
22567
22582
22584
22588
22589
22605
22609
22610
22611
22612
22615
22620
22624
22643
22683
22698
22711
22719
22743
22752
22754
22776
22790
22792
22794
22841
22846
22856
22860
22873
22877
22885
22906
22915
22917
22927
22927
22930
22931
22943
22959
22961
22961
22987
22991
23022
23024
23032
23032
23033
23033
23044
23054
23055
23066
23071
23075
23078
23079
23084
23090
23094
23097
23109
23137
23142
23172
23175
23181
23181
23190
23192
23193
23195
23196
23199
23204
23230
23236
23241
23249
23249
23251
23255
23255
23268
23276
23284
23285
23328
23331
23335
23372
23374
23375
23377
23384
23418
23422
23438
23459
23460
23467
23481
23482
23486
23493
23498
23519
23526
23544
23550
23552
23555
23595
23604
23613
23618
23638
23646
23651
23655
23665
23701
23722
23725
23736
23746
23813
23821
23823
23830
23831
23834
23857
23869
23879
23905
23911
23928
23932
23936
23960
23967
23973
23984
23998
24004
24008
24008
24027
24034
24036
24039
24040
24062
24072
24076
24079
24084
24107
24111
24123
24135
24145
24151
24170
24180
24205
24214
24227
24232
24247
24253
24266
24267
24275
24277
24278
24280
24285
24299
24312
24340
24353
24369
24371
24392
24403
24425
24431
24445
24446
24457
24461
24470
24486
24497
24518
24526
24539
24547
24548
24552
24564
24567
24575
24583
24600
24608
24613
24632
24654
24659
24664
24670
24684
24725
24727
24731
24733
24735
24748
24753
24787
24791
24797
24799
24799
24811
24823
24826
24848
24853
24856
24863
24867
24889
24891
24896
24910
24916
24921
24959
24964
24967
24979
24993
24998
25002
25007
25024
25026
25089
25101
25102
25115
25126
25128
25138
25149
25166
25169
25174
25176
25191
25206
25206
25209
25214
25219
25250
25263
25266
25291
25330
25355
25364
25364
25369
25384
25401
25416
25443
25446
25446
25497
25502
25511
25519
25523
25550
25557
25559
25575
25594
25619
25623
25636
25646
25657
25668
25688
25705
25710
25713
25715
25723
25736
25744
25749
25777
25820
25829
25895
25907
25947
25952
25962
25963
25973
26012
26024
26054
26067
26072
26093
26115
26124
26133
26177
26183
26222
26253
26288
26288
26294
26304
26315
26346
26381
26442
26498
26515
26522
26540
26544
26556
26572
26595
26604
26617
26624
26631
26648
26649
26654
26666
26672
26705
26713
26734
26743
26775
26783
26783
26811
26812
26818
26837
26840
26869
26895
26900
26907
26931
26947
26956
26957
26959
26969
26974
26977
26981
27019
27034
27035
27039
27040
27040
27086
27111
27123
27137
27160
27171
27202
27223
27253
27268
27289
27308
27317
27335
27355
27372
27395
27398
27398
27419
27427
27431
27452
27471
27491
27501
27517
27535
27541
27546
27567
27569
27600
27616
27633
27642
27645
27673
27696
27731
27735
27736
27737
27755
27800
27846
27867
27906
27908
27919
27959
27961
27980
27996
28021
28037
28059
28073
28102
28128
28194
28238
28245
28247
28290
28305
28315
28323
28327
28352
28378
28383
28406
28431
28436
28439
28445
28448
28481
28481
28515
28520
28524
28539
28543
28561
28565
28581
28617
28657
28661
28703
28734
28759
28802
28831
28879
28926
28935
28939
28949
28961
28962
28964
28986
28987
29058
29080
29089
29090
29167
29183
29201
29224
29252
29280
29302
29308
29334
29339
29343
29363
29376
29399
29460
29461
29522
29553
29569
29620
29634
29648
29730
29740
29749
29760
29785
29810
29812
29816
29831
29837
29888
29896
29918
29927
29935
29987
29988
30002
30053
30056
30058
30071
30083
30107
30151
30152
30178
30180
30187
30226
30231
30231
30239
30239
30272
30279
30284
30347
30356
30365
30375
30411
30465
30486
30490
30495
30504
30541
30549
30585
30617
30620
30675
30676
30711
30724
30725
30735
30749
30766
30798
30840
30841
30846
30866
30871
30905
30917
30950
30960
31012
31070
31073
31091
31118
31124
31129
31141
31196
31202
31294
31364
31391
31403
31406
31421
31429
31466
31470
31474
31480
31486
31511
31517
31577
31608
31629
31639
31685
31765
31768
31785
31803
31809
31834
31850
31893
31911
31928
31946
32010
32040
32054
32073
32144
32161
32189
32200
32253
32269
32269
32270
32290
32321
32354
32364
32386
32436
32468
32485
32487
32510
32511
32542
32545
32592
32605
32623
32643
32691
32699
32746
32790
32805
32825
32912
32950
32970
32978
33000
33002
33016
33038
33040
33108
33153
33191
33209
33310
33334
33349
33406
33418
33432
33437
33467
33473
33478
33505
33522
33561
33618
33643
33652
33733
33746
33775
33784
33813
33823
33836
33856
33890
33907
34042
34113
34143
34146
34166
34187
34224
34226
34302
34338
34341
34352
34358
34394
34414
34505
34545
34557
34586
34590
34591
34616
34633
34645
34691
34715
34773
34784
34787
34847
34871
34924
34961
34972
34984
35004
35015
35124
35133
35174
35240
35263
35356
35368
35387
35441
35473
35509
35517
35536
35563
35583
35607
35689
35761
35774
35786
35800
35840
35927
35934
35948
35973
36011
36074
36093
36130
36150
36160
36350
36369
36399
36401
36463
36465
36468
36505
36534
36536
36581
36688
36693
36699
36765
36768
36777
36780
36788
36795
36838
36906
36916
36931
36932
36949
36953
36953
36986
37018
37059
37075
37090
37132
37160
37185
37199
37212
37237
37281
37289
37297
37301
37375
37393
37398
37399
37440
37448
37526
37551
37553
37582
37593
37658
37743
37752
37793
37802
37805
37846
37978
38031
38043
38054
38064
38130
38170
38174
38207
38304
38334
38424
38436
38442
38483
38518
38560
38587
38620
38623
38652
38657
38671
38718
38728
38777
38791
38818
38828
38848
38850
38920
38947
38963
39037
39123
39179
39210
39211
39236
39275
39281
39288
39290
39291
39303
39385
39399
39547
39553
39604
39625
39698
39707
39724
39738
39773
39815
39826
39829
39887
39907
39976
39984
39986
40011
40037
40042
40086
40157
40180
40222
40225
40332
40337
40345
40374
40668
40677
40705
40707
40779
40781
40926
40926
41065
41141
41209
41282
41323
41357
41377
41500
41560
41651
41701
41770
41773
41777
41781
41817
41880
41885
41950
42145
42150
42175
42209
42238
42323
42378
42407
42474
42507
42567
42586
42661
42730
42782
42787
43111
43229
43313
43383
43425
43541
43607
43626
43653
43677
43678
43779
43787
43831
43946
43971
43985
44010
44085
44102
44178
44206
44278
44295
44386
44388
44429
44495
44544
44584
44650
44681
44727
44750
44856
44887
44903
45006
45036
45117
45130
45187
45468
45471
45482
45613
45653
45660
45774
45934
45975
46301
46444
46469
46481
46555
46576
46655
46667
46974
47067
47162
47227
47289
47509
47566
47595
47778
47821
48176
48214
48277
48368
48380
48390
48689
48749
48860
48910
49136
49155
49427
49469
49563
49936
50035
50114
50338
50416
50467
50503
50510
50621
50994
50999
51081
51115
51133
51184
51222
51259
51439
51515
51584
51726
51783
51911
52024
52104
52113
52341
52727
53030
53190
53257
53288
53329
53403
53454
53659
54202
54319
54433
54475
54808
54810
54813
54979
55280
55306
55455
55461
55590
55623
55707
55848
55971
55997
56030
56032
56117
56449
56545
56558
56579
56642
56688
56731
56834
56838
56895
56979
57007
57206
57278
57395
57449
57620
57833
57891
58233
58344
58466
58516
58571
58759
58850
58902
59076
59250
59256
59577
59606
59771
60078
60127
60130
60274
60584
60677
60700
60836
60868
61223
61223
61344
61346
61405
61411
61766
61858
62231
62550
62829
62854
63106
63191
63291
63381
63818
64020
64322
64327
64490
64521
64571
64687
64724
64785
64800
64872
65167
65209
65341
65385
65568
66082
66449
66822
67060
67472
67545
67938
68353
68387
69083
69396
69576
70643
70795
71735
72314
72576
72884
72890
72912
72981
73054
73083
73152
73235
73259
73306
73403
73439
73533
73580
73690
73725
73840
74157
74225
74251
74826
75057
75253
75531
75772
75953
75999
76252
76691
77355
77534
77578
77630
77713
78130
78165
78506
79652
79781
79910
80267
81427
82078
82160
82596
82721
84297
84598
84896
85062
85153
85331
85378
85679
85784
85977
86169
86251
86630
89888
90947
91903
92230
93701
93744
93883
97733
102510
104001
104063
104289
104591
104766
105082
105579
105760
106244
106497
106696
107208
107691
107737
108961
109101
109267
109277
109454
109769
109879
110145
110570
110987
111327
112220
112509
112690
113308
116552
116741
116928
117415
118085
118511
119469
119671
119852
120028
120042
120179
120324
122024
122207
123734
124234
124880
126004
126574
128323
129684
130021
130486
131227
132882
135359
135451
135751
136050
136366
136864
137460
139707
139883
139975
141455
143582
143705
144354
144518
144750
