1
1
1
2
2
2
2
3
3
3
4
4
5
5
6
6
6
6
6
7
8
8
9
10
11
11
11
12
12
13
16
16
17
17
17
18
18
19
19
21
23
24
26
26
28
30
31
31
32
32
33
35
35
36
37
37
39
39
39
40
41
43
46
46
48
48
48
49
49
50
53
54
55
55
56
61
64
64
65
65
66
67
68
72
75
76
83
84
84
86
86
87
88
88
90
93
98
99
100
105
110
110
115
117
119
122
123
128
128
129
133
135
136
136
145
149
149
149
149
149
155
155
160
164
169
172
172
175
176
176
177
187
192
193
198
202
212
214
230
238
249
249
255
259
273
282
283
286
288
288
292
293
295
296
297
301
307
314
320
322
331
336
339
341
356
358
358
359
376
389
391
391
399
400
409
427
435
460
465
488
493
503
523
528
539
543
570
570
587
601
695
701
727
786
791
816
850
892
957
961
1131
1435
1584
1597
1687
1778
3179
