0
0
0
0
0
0
0
1
1
1
1
1
1
1
2
2
2
2
2
2
3
3
3
3
3
4
4
4
5
5
5
6
7
7
7
7
9
9
10
10
10
10
11
12
13
14
14
14
15
15
16
16
17
18
18
20
21
25
27
28
31
31
33
35
37
37
38
39
40
40
42
44
45
48
52
52
55
56
57
62
62
63
65
65
66
66
66
72
73
77
78
79
87
88
89
91
95
99
101
101
101
102
102
104
110
113
115
116
121
121
123
127
129
132
139
141
142
149
162
164
164
165
167
173
175
175
175
189
190
199
205
206
208
215
232
254
256
260
270
275
302
305
323
327
333
353
366
368
376
400
413
437
462
476
476
480
577
940
1594
