

1
1
2
3
3
3
3
3
5
6
7
7
11
13
16
19
25
26
27
31
31
33
37
37
40
40
41
44
48
48
49
49
49
50
51
54
56
56
56
59
61
61
61
61
62
64
64
67
67
67
68
72
73
73
73
74
76
76
76
76
78
79
80
80
81
82
83
84
86
88
92
92
92
93
93
93
94
96
98
98
99
101
104
105
105
105
106
108
109
110
114
115
116
117
119
119
120
121
121
121
121
122
122
122
124
124
125
126
129
129
130
132
134
135
135
136
136
137
137
137
138
138
138
139
139
140
140
142
144
145
146
147
148
148
149
149
150
151
152
153
153
154
155
155
156
156
156
157
159
159
159
160
160
160
161
162
163
163
166
167
168
168
168
168
168
170
173
176
177
178
178
178
178
179
179
180
183
184
186
187
188
190
190
191
192
192
195
195
195
196
196
196
197
199
200
200
200
202
203
203
204
205
205
206
206
207
207
208
208
210
210
210
211
213
216
220
221
221
221
223
223
223
223
224
224
225
225
226
231
232
234
239
241
243
243
244
246
246
248
248
251
252
254
256
259
260
261
262
262
262
263
263
263
263
264
266
267
270
271
271
273
273
273
274
276
277
278
279
281
282
283
284
284
289
289
289
290
292
292
293
293
294
296
297
298
299
300
301
302
304
305
305
306
306
307
308
309
309
310
310
311
311
311
311
312
314
314
314
314
316
316
318
319
320
320
324
325
326
326
328
328
329
331
332
332
333
336
337
337
339
343
346
347
347
348
349
349
350
350
351
351
351
351
352
355
356
357
358
359
359
360
361
362
362
362
364
367
369
369
370
370
370
370
372
372
372
374
374
377
377
378
381
382
384
385
386
387
388
389
389
389
390
392
392
395
396
396
398
400
401
401
402
402
405
406
406
407
410
410
410
410
415
417
418
419
419
420
420
420
421
421
422
423
424
424
424
424
424
425
425
425
426
426
426
426
428
428
430
430
430
432
432
434
437
437
437
438
439
439
440
440
441
442
442
443
444
445
449
450
450
452
453
453
455
456
457
459
460
460
461
462
463
464
465
467
467
469
471
471
471
471
471
472
472
472
472
473
474
475
476
476
477
477
478
479
479
481
483
483
485
485
486
488
489
489
490
491
493
493
493
495
496
496
497
498
501
501
502
505
505
506
508
509
510
510
511
512
512
514
514
517
518
519
519
520
521
521
521
523
526
527
527
528
528
529
530
530
531
533
535
536
537
538
538
538
539
541
543
543
543
544
544
545
545
546
550
551
551
552
555
557
559
559
560
560
562
563
566
567
567
567
567
567
568
570
570
570
570
571
572
572
573
574
575
575
576
576
577
577
578
579
580
581
581
581
582
584
587
588
589
590
591
591
593
594
594
595
595
596
598
599
599
600
600
601
602
602
608
609
613
613
614
616
619
620
620
622
626
626
627
628
630
630
635
636
636
637
638
640
641
643
643
643
645
645
645
649
652
653
659
659
661
662
663
663
665
665
666
667
668
668
670
671
671
672
672
673
673
673
674
674
674
674
674
675
676
679
679
680
680
681
682
684
685
686
686
688
689
690
690
690
691
691
691
693
693
693
696
696
696
699
699
699
700
700
701
703
704
704
705
705
705
709
709
711
712
712
716
716
717
719
719
720
720
720
723
723
723
723
723
725
725
730
731
731
732
732
735
738
738
738
743
744
744
745
746
747
747
748
749
749
751
751
753
753
754
754
756
757
759
759
760
761
762
763
763
763
766
766
766
766
766
767
768
769
769
769
769
770
772
774
777
779
779
781
781
781
781
783
783
784
785
787
791
791
791
792
792
792
793
793
797
797
797
797
798
799
799
799
800
802
802
802
802
803
805
805
805
806
807
808
808
808
811
812
812
812
812
812
812
815
815
816
816
817
818
818
819
819
819
819
820
820
821
822
825
825
827
828
829
829
830
831
832
832
833
836
836
839
839
840
840
840
842
842
842
842
842
843
843
844
845
847
851
852
852
853
854
855
860
861
862
862
863
864
865
865
865
866
868
871
872
872
876
878
880
880
880
880
880
881
882
883
883
884
884
884
885
886
886
887
888
888
888
889
889
889
889
891
891
891
893
893
894
896
897
898
900
901
904
906
911
911
911
912
915
917
918
918
919
919
920
920
922
923
926
928
930
930
931
931
934
934
936
937
937
939
939
939
939
941
941
941
942
943
947
949
949
950
952
954
956
958
960
960
963
968
969
971
974
975
977
977
978
982
984
986
986
986
988
989
989
989
991
991
995
995
995
999
999
1000
1002
1004
1007
1008
1009
1010
1010
1012
1013
1014
1015
1015
1015
1015
1016
1017
1018
1021
1023
1023
1023
1023
1025
1025
1025
1027
1028
1029
1029
1030
1032
1033
1034
1034
1034
1035
1037
1041
1043
1043
1044
1049
1049
1050
1050
1052
1054
1056
1056
1057
1057
1057
1057
1057
1057
1057
1058
1058
1059
1064
1064
1065
1065
1065
1066
1067
1067
1067
1068
1068
1069
1070
1071
1074
1074
1075
1075
1078
1080
1084
1085
1086
1088
1090
1092
1092
1093
1094
1095
1095
1096
1096
1096
1097
1097
1099
1100
1101
1102
1103
1103
1104
1105
1106
1107
1107
1109
1110
1110
1112
1112
1113
1114
1116
1116
1116
1117
1119
1119
1120
1122
1123
1128
1129
1132
1133
1133
1134
1134
1135
1139
1140
1140
1140
1141
1142
1142
1143
1143
1143
1143
1144
1144
1145
1147
1147
1147
1148
1148
1151
1152
1153
1154
1155
1155
1155
1157
1159
1159
1165
1165
1166
1167
1168
1169
1169
1170
1174
1177
1177
1178
1182
1182
1183
1183
1183
1184
1186
1186
1186
1188
1192
1193
1194
1194
1195
1195
1197
1198
1199
1201
1203
1205
1207
1208
1208
1210
1210
1210
1217
1218
1219
1221
1223
1225
1226
1228
1228
1228
1231
1231
1234
1236
1236
1236
1237
1237
1238
1238
1239
1240
1242
1244
1245
1245
1246
1247
1252
1252
1252
1252
1253
1254
1255
1259
1261
1263
1264
1266
1266
1267
1269
1272
1272
1273
1274
1275
1276
1280
1281
1281
1281
1283
1288
1288
1290
1291
1292
1292
1293
1294
1295
1297
1301
1301
1302
1302
1303
1305
1306
1307
1309
1310
1310
1311
1312
1312
1315
1315
1315
1315
1316
1317
1317
1318
1321
1321
1323
1323
1323
1328
1328
1328
1328
1330
1330
1330
1331
1332
1335
1335
1336
1337
1338
1339
1340
1342
1346
1346
1351
1353
1353
1354
1356
1357
1359
1361
1364
1367
1368
1368
1370
1370
1371
1373
1374
1376
1378
1379
1379
1380
1380
1380
1382
1383
1383
1384
1385
1385
1386
1386
1386
1387
1387
1387
1388
1391
1391
1393
1395
1395
1396
1397
1398
1398
1399
1400
1400
1401
1402
1402
1402
1402
1405
1407
1415
1416
1416
1416
1417
1417
1417
1417
1418
1419
1421
1423
1423
1429
1430
1431
1431
1431
1432
1432
1433
1435
1435
1437
1437
1439
1439
1441
1441
1442
1443
1444
1446
1448
1451
1451
1456
1458
1458
1460
1460
1461
1462
1462
1464
1464
1464
1465
1466
1469
1469
1470
1474
1478
1481
1483
1484
1484
1485
1485
1486
1488
1489
1490
1490
1490
1494
1496
1497
1498
1498
1498
1501
1503
1503
1503
1503
1504
1504
1507
1507
1508
1509
1509
1513
1516
1516
1516
1521
1523
1524
1526
1529
1530
1532
1532
1533
1535
1536
1536
1537
1537
1537
1538
1541
1542
1543
1544
1546
1546
1547
1548
1549
1553
1553
1554
1555
1557
1557
1558
1563
1563
1564
1564
1564
1566
1567
1567
1569
1572
1574
1574
1577
1578
1579
1579
1579
1579
1579
1580
1580
1582
1582
1582
1586
1588
1589
1591
1592
1594
1595
1598
1600
1600
1600
1601
1601
1605
1606
1607
1608
1610
1611
1612
1613
1617
1617
1618
1618
1621
1622
1622
1625
1627
1627
1630
1631
1633
1633
1633
1634
1634
1635
1642
1643
1645
1647
1648
1650
1650
1651
1654
1654
1657
1657
1658
1659
1660
1661
1661
1662
1667
1668
1669
1669
1671
1671
1671
1673
1673
1678
1678
1680
1680
1680
1681
1683
1685
1685
1685
1685
1686
1687
1689
1689
1690
1690
1692
1693
1695
1697
1698
1702
1702
1704
1704
1707
1709
1710
1714
1715
1717
1718
1719
1720
1721
1722
1725
1726
1727
1731
1731
1732
1732
1737
1738
1738
1739
1742
1743
1744
1745
1746
1747
1747
1747
1749
1749
1750
1751
1751
1752
1755
1757
1758
1758
1761
1762
1764
1765
1765
1767
1767
1770
1771
1772
1776
1776
1777
1777
1779
1782
1782
1783
1784
1785
1785
1786
1787
1790
1791
1796
1797
1799
1799
1801
1801
1801
1803
1806
1813
1816
1817
1822
1822
1822
1823
1825
1826
1826
1827
1828
1829
1829
1829
1829
1830
1831
1832
1832
1832
1833
1836
1838
1839
1841
1841
1843
1844
1844
1845
1846
1848
1854
1856
1858
1859
1860
1860
1864
1865
1866
1866
1869
1869
1874
1875
1876
1878
1879
1884
1884
1884
1884
1885
1886
1886
1886
1887
1889
1890
1890
1890
1891
1892
1893
1895
1896
1896
1897
1898
1901
1902
1902
1903
1904
1910
1912
1914
1915
1917
1919
1922
1923
1923
1924
1925
1925
1926
1927
1928
1929
1930
1933
1934
1935
1938
1939
1943
1946
1947
1948
1949
1950
1951
1953
1954
1954
1954
1955
1956
1956
1957
1960
1960
1962
1963
1965
1966
1966
1967
1967
1969
1969
1970
1970
1970
1974
1975
1976
1979
1981
1981
1982
1983
1984
1985
1985
1987
1992
1993
1994
1999
1999
2001
2001
2006
2009
2010
2011
2013
2014
2015
2016
2018
2019
2023
2025
2027
2029
2029
2032
2034
2034
2036
2037
2038
2039
2041
2041
2043
2045
2046
2046
2050
2052
2057
2058
2059
2062
2064
2064
2065
2066
2067
2067
2067
2067
2070
2071
2071
2072
2075
2077
2078
2079
2080
2081
2081
2081
2082
2084
2085
2088
2088
2091
2091
2094
2095
2096
2096
2099
2099
2099
2099
2100
2100
2101
2105
2105
2108
2109
2110
2112
2113
2114
2116
2116
2117
2119
2122
2125
2129
2131
2133
2133
2135
2138
2140
2140
2142
2143
2144
2145
2146
2147
2149
2150
2151
2151
2152
2152
2153
2154
2155
2155
2157
2159
2159
2162
2162
2163
2164
2165
2167
2172
2173
2175
2177
2178
2181
2181
2183
2183
2183
2185
2185
2188
2192
2192
2194
2196
2203
2206
2207
2210
2212
2215
2216
2218
2224
2225
2225
2226
2226
2228
2228
2229
2231
2232
2234
2234
2236
2236
2238
2241
2242
2247
2249
2250
2253
2255
2256
2257
2260
2265
2266
2266
2267
2267
2269
2272
2272
2272
2273
2275
2277
2278
2280
2282
2284
2285
2285
2285
2287
2288
2289
2291
2291
2293
2294
2296
2296
2296
2296
2300
2303
2303
2303
2306
2307
2308
2308
2312
2312
2313
2315
2317
2317
2319
2323
2327
2330
2331
2331
2332
2332
2334
2336
2336
2338
2343
2344
2345
2346
2347
2348
2348
2349
2354
2355
2357
2357
2358
2358
2358
2363
2363
2363
2365
2366
2366
2367
2367
2370
2373
2373
2374
2377
2383
2384
2389
2391
2393
2393
2394
2394
2395
2396
2397
2397
2399
2402
2403
2403
2405
2410
2412
2416
2420
2420
2421
2421
2422
2422
2427
2427
2428
2428
2429
2432
2432
2433
2434
2435
2437
2437
2439
2441
2444
2451
2453
2453
2453
2454
2454
2455
2459
2459
2460
2461
2461
2461
2464
2466
2467
2468
2468
2469
2470
2472
2475
2475
2475
2480
2482
2484
2484
2493
2493
2493
2494
2496
2498
2500
2501
2502
2502
2503
2510
2512
2513
2515
2516
2516
2516
2519
2520
2521
2522
2523
2524
2526
2527
2527
2528
2532
2535
2536
2538
2538
2538
2540
2543
2543
2544
2545
2545
2546
2548
2549
2551
2552
2555
2555
2556
2557
2559
2562
2562
2563
2565
2565
2566
2567
2569
2572
2573
2574
2575
2577
2580
2580
2582
2583
2585
2590
2594
2595
2600
2603
2608
2609
2611
2612
2616
2617
2619
2621
2623
2630
2635
2637
2637
2638
2639
2640
2641
2643
2645
2649
2651
2652
2653
2656
2662
2662
2664
2665
2666
2666
2666
2667
2669
2670
2671
2672
2680
2681
2681
2683
2684
2690
2692
2692
2694
2694
2695
2695
2702
2703
2706
2708
2709
2712
2713
2717
2718
2719
2719
2720
2723
2724
2725
2728
2731
2737
2737
2738
2739
2740
2745
2746
2747
2747
2748
2748
2748
2749
2749
2751
2752
2752
2754
2754
2755
2758
2758
2765
2769
2769
2776
2778
2781
2785
2790
2792
2792
2793
2795
2796
2799
2800
2805
2807
2807
2808
2810
2813
2816
2818
2823
2825
2831
2833
2835
2838
2839
2842
2852
2855
2855
2857
2858
2859
2862
2862
2867
2867
2869
2872
2872
2873
2873
2874
2877
2878
2878
2879
2882
2882
2883
2887
2890
2890
2891
2892
2893
2894
2895
2896
2897
2897
2899
2903
2904
2912
2913
2913
2914
2915
2916
2920
2923
2923
2928
2929
2933
2934
2936
2937
2939
2939
2944
2946
2949
2953
2955
2956
2958
2958
2959
2959
2963
2963
2964
2964
2968
2969
2971
2971
2974
2976
2985
2988
2988
2990
2991
2992
2996
2997
3000
3006
3009
3011
3013
3014
3014
3016
3020
3023
3024
3026
3027
3030
3033
3035
3035
3037
3048
3049
3050
3053
3055
3063
3066
3074
3076
3082
3083
3086
3086
3087
3088
3088
3091
3095
3096
3099
3100
3104
3104
3104
3105
3105
3105
3107
3112
3113
3115
3117
3117
3118
3120
3134
3135
3137
3143
3143
3144
3147
3152
3152
3154
3155
3158
3162
3162
3164
3167
3170
3170
3173
3175
3177
3178
3178
3184
3185
3189
3189
3189
3193
3195
3196
3199
3203
3207
3208
3209
3211
3219
3221
3233
3233
3236
3237
3241
3248
3249
3251
3255
3256
3256
3257
3259
3267
3267
3270
3274
3278
3278
3284
3287
3289
3293
3296
3296
3298
3299
3302
3302
3304
3304
3306
3307
3308
3311
3312
3312
3315
3317
3317
3318
3319
3319
3320
3320
3321
3321
3323
3325
3326
3327
3329
3331
3335
3337
3337
3338
3339
3339
3340
3348
3348
3350
3350
3353
3356
3362
3364
3364
3367
3367
3370
3370
3375
3379
3388
3391
3392
3392
3394
3397
3404
3408
3410
3412
3413
3413
3416
3416
3419
3423
3425
3426
3430
3431
3432
3437
3439
3440
3449
3450
3451
3456
3457
3465
3467
3469
3471
3472
3473
3475
3478
3480
3487
3487
3490
3492
3495
3496
3496
3498
3499
3500
3501
3511
3524
3525
3527
3532
3537
3540
3541
3549
3554
3559
3559
3563
3564
3567
3571
3576
3583
3584
3584
3588
3591
3591
3592
3595
3596
3606
3610
3612
3613
3619
3621
3623
3626
3634
3644
3647
3648
3652
3654
3659
3662
3664
3670
3671
3672
3675
3679
3680
3684
3685
3685
3690
3691
3693
3696
3697
3701
3706
3706
3706
3709
3710
3718
3720
3727
3739
3740
3741
3754
3754
3755
3757
3758
3762
3763
3763
3775
3778
3781
3782
3785
3787
3787
3787
3795
3801
3808
3808
3823
3824
3824
3825
3825
3825
3830
3834
3844
3849
3853
3862
3863
3875
3875
3878
3879
3880
3881
3882
3883
3884
3885
3886
3887
3889
3897
3898
3902
3905
3914
3920
3921
3921
3922
3932
3937
3947
3951
3953
3956
3957
3968
3968
3969
3979
3986
3997
3999
4000
4002
4005
4007
4007
4008
4009
4012
4013
4013
4015
4016
4019
4020
4020
4021
4025
4030
4033
4033
4035
4035
4056
4064
4068
4069
4074
4086
4086
4086
4098
4104
4108
4109
4113
4116
4122
4126
4127
4130
4132
4135
4144
4145
4145
4145
4147
4150
4162
4168
4168
4173
4174
4190
4195
4200
4200
4201
4203
4212
4214
4215
4215
4216
4220
4221
4221
4228
4238
4244
4251
4253
4259
4262
4263
4266
4267
4270
4271
4272
4272
4275
4288
4291
4294
4294
4300
4302
4308
4313
4314
4315
4317
4321
4323
4332
4332
4341
4342
4344
4353
4356
4356
4362
4362
4363
4364
4365
4365
4369
4372
4375
4380
4383
4388
4393
4398
4399
4405
4407
4408
4413
4413
4413
4417
4423
4426
4444
4444
4445
4447
4449
4454
4460
4466
4468
4468
4469
4470
4472
4477
4484
4485
4487
4494
4496
4499
4502
4504
4504
4516
4518
4518
4518
4520
4521
4522
4522
4528
4531
4537
4538
4549
4551
4569
4570
4570
4574
4575
4576
4586
4591
4593
4594
4595
4600
4603
4610
4614
4615
4616
4617
4624
4627
4629
4636
4637
4638
4641
4644
4647
4649
4650
4654
4657
4663
4674
4677
4678
4679
4682
4684
4686
4691
4693
4694
4695
4695
4696
4711
4713
4713
4717
4717
4717
4720
4732
4732
4737
4743
4746
4752
4753
4755
4757
4760
4763
4766
4766
4778
4780
4784
4789
4796
4803
4809
4813
4815
4820
4824
4824
4829
4835
4835
4840
4845
4856
4857
4866
4868
4874
4875
4881
4882
4882
4886
4895
4900
4901
4907
4922
4933
4937
4937
4938
4943
4950
4960
4963
4964
4972
4983
4985
4986
4987
4988
4989
4991
4992
4996
4998
4998
4999
5001
5003
5008
5024
5026
5027
5032
5033
5044
5049
5051
5054
5055
5057
5082
5090
5095
5105
5111
5116
5117
5119
5123
5135
5144
5146
5151
5157
5172
5176
5176
5177
5189
5190
5194
5199
5201
5204
5211
5213
5214
5216
5216
5219
5222
5227
5229
5234
5239
5239
5242
5244
5246
5247
5248
5249
5253
5255
5255
5262
5268
5274
5276
5283
5285
5294
5300
5310
5312
5316
5319
5319
5327
5328
5329
5330
5333
5354
5355
5356
5358
5360
5373
5380
5382
5383
5392
5396
5400
5406
5406
5411
5416
5429
5438
5438
5442
5448
5450
5455
5457
5476
5478
5486
5486
5491
5494
5495
5501
5508
5513
5518
5523
5525
5529
5530
5531
5553
5563
5565
5569
5569
5576
5576
5579
5579
5580
5590
5623
5623
5629
5631
5636
5643
5645
5654
5657
5657
5666
5670
5674
5676
5687
5693
5698
5709
5711
5712
5717
5718
5735
5736
5739
5745
5760
5763
5766
5767
5770
5782
5784
5788
5793
5835
5837
5856
5864
5870
5881
5883
5884
5887
5903
5907
5907
5911
5914
5921
5922
5922
5928
5946
5947
5949
5968
5970
5976
5981
5993
5994
5998
6015
6019
6020
6021
6024
6039
6039
6041
6045
6051
6056
6070
6072
6075
6078
6080
6085
6094
6096
6110
6119
6120
6121
6133
6140
6140
6141
6154
6161
6165
6184
6185
6197
6206
6210
6214
6226
6227
6227
6243
6256
6258
6264
6278
6286
6302
6305
6306
6308
6308
6312
6312
6314
6321
6325
6332
6334
6335
6342
6345
6347
6351
6353
6369
6369
6369
6376
6380
6383
6392
6408
6411
6412
6413
6413
6414
6418
6419
6423
6433
6437
6465
6470
6474
6475
6486
6488
6490
6491
6492
6499
6500
6504
6509
6512
6523
6528
6538
6553
6554
6559
6571
6572
6580
6588
6589
6603
6621
6635
6635
6645
6650
6652
6661
6666
6667
6688
6692
6695
6712
6721
6723
6729
6748
6772
6779
6798
6807
6810
6813
6819
6824
6857
6865
6865
6865
6870
6892
6897
6902
6909
6940
6955
6984
6986
6993
7002
7008
7008
7011
7017
7032
7032
7035
7044
7048
7061
7062
7072
7075
7077
7080
7117
7121
7137
7158
7159
7160
7180
7180
7187
7191
7240
7242
7274
7276
7290
7300
7303
7308
7309
7316
7316
7333
7335
7346
7352
7361
7368
7370
7371
7373
7380
7411
7423
7446
7448
7449
7452
7454
7474
7503
7512
7518
7520
7523
7524
7546
7549
7554
7559
7572
7573
7581
7602
7606
7606
7609
7613
7622
7622
7634
7646
7657
7658
7660
7667
7679
7681
7691
7693
7700
7704
7717
7721
7724
7759
7776
7782
7786
7805
7811
7834
7849
7852
7853
7857
7859
7860
7862
7878
7888
7892
7913
7918
7918
7920
7934
7935
7936
7938
7946
7985
7993
8008
8020
8038
8052
8057
8069
8079
8095
8113
8113
8134
8149
8150
8156
8173
8179
8184
8217
8222
8224
8256
8260
8266
8276
8278
8279
8286
8293
8296
8306
8313
8321
8348
8348
8354
8356
8357
8383
8397
8408
8426
8442
8447
8449
8451
8470
8491
8505
8518
8525
8525
8532
8547
8550
8551
8553
8553
8562
8564
8571
8578
8592
8595
8609
8619
8621
8623
8636
8638
8639
8649
8654
8659
8697
8714
8726
8728
8730
8738
8753
8762
8788
8797
8801
8805
8809
8826
8832
8837
8843
8851
8851
8865
8867
8882
8894
8916
8917
8932
8936
8938
8947
8954
8967
8968
8994
9006
9025
9054
9096
9103
9108
9113
9115
9135
9144
9157
9164
9166
9176
9209
9236
9267
9271
9276
9279
9323
9337
9354
9374
9375
9401
9405
9408
9410
9411
9415
9418
9426
9464
9477
9491
9492
9508
9515
9524
9525
9531
9536
9541
9549
9556
9572
9573
9590
9621
9628
9629
9654
9658
9658
9687
9689
9693
9696
9699
9721
9725
9733
9738
9764
9846
9857
9867
9868
9877
9895
9911
9924
9927
9944
9967
9991
10031
10045
10053
10076
10101
10121
10134
10138
10141
10179
10179
10183
10217
10222
10238
10258
10263
10281
10285
10310
10335
10336
10341
10371
10423
10479
10490
10499
10518
10522
10532
10535
10536
10536
10536
10543
10565
10589
10622
10635
10636
10641
10715
10725
10752
10758
10761
10764
10793
10794
10821
10824
10840
10856
10867
10868
10882
10884
10888
10890
10901
10919
10935
10938
10944
10948
10992
11003
11007
11023
11025
11029
11032
11035
11054
11073
11089
11096
11105
11112
11122
11122
11141
11146
11160
11174
11186
11238
11245
11250
11295
11318
11322
11380
11387
11407
11444
11509
11512
11515
11518
11521
11550
11602
11627
11632
11669
11681
11688
11691
11714
11757
11792
11819
11828
11905
11944
11978
11998
12005
12014
12025
12044
12045
12079
12087
12108
12122
12135
12138
12140
12172
12252
12303
12322
12342
12382
12410
12450
12473
12478
12480
12502
12505
12534
12542
12571
12585
12599
12602
12603
12627
12631
12708
12764
12769
12789
12819
12832
12834
12880
12915
12921
12955
13028
13059
13104
13115
13124
13157
13188
13219
13235
13240
13258
13273
13293
13308
13323
13335
13400
13430
13443
13463
13495
13496
13498
13507
13529
13584
13592
13620
13652
13675
13690
13700
13747
13747
13774
13781
13863
13894
13917
13927
13946
13989
14030
14035
14041
14042
14097
14140
14283
14297
14341
14383
14414
14419
14544
14632
14667
14763
14838
14862
14868
14911
14914
14928
14944
14952
15034
15055
15184
15188
15209
15228
15242
15317
15352
15386
15429
15430
15432
15439
15465
15510
15537
15611
15646
15714
15843
15860
15880
15929
15958
16021
16024
16065
16071
16150
16187
16208
16240
16321
16344
16344
16384
16397
16406
16523
16558
16567
16589
16658
16674
16730
16770
16795
16831
16837
16842
16848
16855
16866
16924
16942
17148
17250
17279
17285
17418
17463
17539
17580
17615
17627
17677
17770
17923
18053
18060
18115
18123
18314
18507
18510
18517
18525
18585
18663
18697
18742
18874
19148
19354
19445
19540
19620
19701
19707
19714
19740
19763
19779
19977
20084
20100
20192
20196
20202
20272
20313
20358
20397
20509
20514
20583
20609
20651
20794
20837
20894
20911
20912
21056
21197
21267
21320
21324
21330
21511
21624
21689
21723
21749
21789
21790
22020
22096
22118
22119
22209
22396
22518
22598
22830
22987
23369
23433
23437
23658
23890
23948
24006
24157
24187
24385
24525
24570
24615
24914
25371
25427
25492
25500
25602
25872
25918
26217
26391
27129
27196
27471
27667
27759
27795
28157
28913
30353
30793
30824
30944
31072
31126
31264
31291
31459
31947
32440
32977
33908
34256
34631
34735
35239
35682
36404
36471
36480
37678
37718
38455
39230
39489
39764
40115
44875
46245
46712
49421
50251
51205
51388
52040
55305
63145
70130
