
1
3
7
7
7
8
9
10
10
11
12
12
13
15
16
16
16
17
19
21
23
26
27
28
30
30
33
36
37
38
39
40
41
45
46
48
49
50
55
55
55
56
58
59
60
62
62
63
63
69
69
70
72
73
74
75
76
76
77
79
80
81
82
82
84
87
88
89
95
96
99
100
101
103
104
105
105
106
107
108
108
115
115
115
116
117
117
119
120
121
121
122
124
125
126
127
127
130
131
132
133
135
135
145
149
152
157
157
159
159
159
161
162
162
163
166
167
168
170
171
172
175
177
178
178
179
182
182
183
183
183
183
183
184
185
187
189
190
192
193
193
195
195
196
197
199
202
203
205
205
206
206
207
207
208
208
209
209
210
210
210
212
214
216
217
217
218
219
220
221
222
222
224
227
228
228
230
230
230
231
233
234
234
235
239
240
241
241
241
242
242
243
244
244
246
248
248
250
251
251
251
252
253
253
254
254
255
255
256
260
260
262
262
268
269
269
269
270
271
272
277
278
278
280
283
284
285
285
288
289
289
291
294
294
296
298
299
299
300
302
303
304
305
306
308
311
312
312
314
315
315
316
316
316
317
317
319
320
321
323
324
326
326
326
329
330
336
337
338
340
341
342
342
343
344
345
346
347
351
354
354
357
358
358
359
359
360
364
364
365
365
366
369
370
370
377
378
381
382
383
384
384
386
387
387
388
390
394
395
395
396
396
396
396
396
399
399
400
402
402
403
405
405
406
406
407
407
408
409
413
413
413
413
413
415
418
418
419
420
420
420
420
421
421
426
429
431
432
432
434
434
438
439
440
441
443
444
447
452
452
453
455
455
456
457
457
457
460
463
465
465
466
466
469
470
471
473
473
474
474
480
480
482
482
482
483
486
486
488
489
489
490
493
495
495
496
498
500
501
501
501
501
502
503
503
504
504
507
508
509
509
510
511
511
512
514
514
515
516
517
517
517
517
517
517
517
518
518
520
521
522
522
523
526
527
527
529
530
532
533
534
534
535
538
538
540
543
547
548
550
551
552
554
555
555
555
558
562
563
564
565
567
568
568
568
570
570
570
573
574
575
575
577
581
583
584
585
585
585
586
586
586
587
588
589
591
592
595
596
597
598
598
599
600
600
601
604
605
606
606
606
608
609
609
613
614
615
615
616
617
618
620
622
622
625
628
628
629
631
632
634
635
635
637
639
641
642
642
643
645
648
649
651
651
651
652
652
652
654
658
662
662
663
663
664
667
668
671
673
673
674
675
675
677
678
681
682
691
692
692
693
693
696
696
699
701
701
702
702
702
705
706
707
708
708
710
711
714
715
716
716
718
719
720
721
721
723
723
726
726
726
726
726
727
727
730
731
732
734
736
738
739
740
741
741
741
742
742
743
745
747
747
748
749
754
754
755
759
760
762
764
765
768
768
770
771
771
772
773
777
777
778
779
780
780
780
781
785
785
785
787
788
792
794
795
796
797
797
797
798
798
798
803
803
811
813
815
820
821
822
825
826
827
828
829
830
831
834
834
836
842
842
842
844
850
850
851
852
852
853
854
854
857
857
861
862
865
868
868
869
869
871
872
873
874
874
875
875
877
879
879
879
879
882
882
885
887
892
893
895
897
897
897
897
900
901
901
901
901
903
903
905
905
907
908
909
911
915
915
918
918
918
921
925
926
927
928
930
936
938
938
939
939
942
943
944
944
947
948
951
953
955
956
957
958
958
959
962
964
964
966
967
967
967
967
968
969
973
980
980
982
983
983
984
987
991
991
993
993
994
995
997
1000
1000
1003
1003
1003
1006
1006
1006
1008
1010
1011
1012
1013
1017
1018
1020
1023
1026
1026
1027
1030
1031
1034
1035
1036
1037
1040
1042
1043
1045
1046
1049
1049
1051
1054
1054
1057
1057
1059
1060
1061
1061
1061
1063
1063
1066
1068
1069
1069
1078
1079
1079
1081
1081
1082
1083
1090
1091
1092
1095
1095
1097
1099
1099
1103
1105
1105
1105
1105
1106
1107
1107
1108
1108
1109
1110
1112
1113
1114
1116
1120
1121
1122
1123
1125
1127
1128
1129
1132
1133
1133
1135
1137
1138
1139
1142
1143
1143
1146
1150
1155
1155
1156
1160
1160
1162
1163
1163
1164
1165
1166
1168
1175
1179
1180
1182
1185
1186
1190
1195
1195
1196
1197
1200
1205
1206
1206
1207
1208
1211
1213
1214
1218
1224
1225
1225
1225
1227
1227
1228
1231
1233
1233
1234
1236
1238
1238
1242
1242
1244
1244
1244
1245
1245
1255
1255
1256
1256
1257
1260
1261
1264
1264
1268
1270
1271
1279
1283
1284
1284
1285
1285
1287
1289
1290
1291
1293
1294
1296
1298
1300
1301
1304
1305
1305
1306
1307
1308
1309
1317
1320
1321
1322
1327
1327
1334
1337
1343
1343
1346
1349
1350
1352
1354
1355
1356
1358
1358
1360
1361
1362
1363
1367
1368
1372
1373
1373
1375
1379
1382
1386
1386
1390
1391
1391
1391
1392
1392
1392
1393
1393
1394
1396
1398
1404
1412
1416
1416
1418
1420
1422
1424
1426
1427
1427
1431
1431
1432
1432
1434
1435
1435
1437
1439
1439
1446
1450
1451
1452
1453
1453
1454
1457
1463
1465
1467
1470
1475
1477
1477
1478
1479
1482
1484
1486
1487
1487
1487
1487
1487
1488
1492
1492
1494
1497
1503
1503
1505
1508
1510
1511
1512
1513
1515
1516
1516
1521
1525
1527
1527
1528
1530
1531
1534
1535
1538
1538
1556
1558
1559
1560
1561
1565
1568
1568
1572
1572
1575
1575
1575
1577
1580
1583
1583
1587
1589
1593
1598
1598
1608
1608
1615
1618
1622
1622
1625
1625
1627
1632
1633
1636
1636
1637
1643
1643
1646
1649
1651
1656
1657
1660
1661
1666
1667
1670
1670
1671
1672
1674
1674
1677
1677
1679
1680
1681
1682
1684
1685
1687
1688
1692
1692
1693
1695
1697
1702
1703
1706
1712
1714
1717
1720
1722
1729
1739
1740
1741
1746
1749
1753
1754
1754
1759
1762
1763
1763
1765
1766
1767
1769
1773
1774
1776
1776
1777
1778
1781
1781
1781
1784
1793
1796
1801
1803
1804
1804
1805
1809
1809
1809
1812
1814
1816
1817
1818
1821
1822
1826
1827
1827
1827
1827
1829
1831
1832
1832
1836
1838
1840
1841
1842
1842
1842
1844
1844
1845
1847
1864
1865
1866
1874
1876
1876
1878
1878
1879
1885
1886
1887
1890
1901
1904
1906
1909
1909
1909
1918
1918
1919
1924
1928
1929
1930
1934
1943
1944
1946
1949
1949
1950
1952
1954
1961
1962
1966
1966
1972
1973
1978
1980
1982
1982
1987
1990
1991
1991
1991
1992
1992
1992
1994
1995
2004
2013
2014
2017
2017
2017
2020
2021
2021
2022
2023
2027
2034
2038
2039
2041
2054
2054
2059
2065
2066
2067
2068
2076
2079
2084
2086
2087
2093
2098
2100
2104
2105
2106
2106
2110
2111
2111
2112
2113
2117
2119
2123
2124
2127
2128
2133
2135
2136
2138
2141
2152
2159
2160
2161
2162
2162
2164
2164
2171
2175
2180
2180
2185
2185
2187
2189
2190
2193
2199
2208
2208
2209
2212
2213
2214
2214
2215
2225
2226
2227
2228
2232
2232
2235
2241
2244
2247
2248
2250
2250
2255
2258
2258
2258
2268
2277
2280
2281
2284
2284
2286
2287
2287
2289
2295
2297
2301
2309
2313
2316
2317
2317
2318
2321
2330
2331
2331
2331
2337
2340
2341
2346
2347
2349
2352
2355
2355
2360
2361
2363
2367
2371
2373
2377
2378
2379
2380
2382
2395
2396
2401
2404
2405
2417
2420
2421
2422
2422
2422
2423
2431
2436
2436
2437
2443
2446
2446
2450
2451
2454
2456
2456
2457
2460
2465
2465
2467
2471
2482
2488
2488
2489
2490
2492
2493
2499
2502
2503
2503
2506
2509
2510
2511
2526
2527
2528
2532
2533
2534
2538
2540
2540
2541
2541
2546
2546
2547
2550
2550
2553
2555
2564
2569
2571
2571
2574
2578
2578
2582
2589
2591
2594
2594
2594
2596
2599
2603
2604
2604
2605
2613
2617
2620
2626
2632
2632
2637
2637
2652
2653
2656
2663
2664
2676
2677
2678
2681
2681
2683
2684
2685
2687
2692
2695
2699
2699
2706
2707
2708
2712
2719
2721
2724
2724
2726
2728
2730
2736
2738
2738
2738
2738
2740
2743
2757
2761
2778
2782
2784
2802
2803
2808
2810
2814
2824
2826
2831
2834
2839
2841
2841
2841
2844
2856
2858
2862
2865
2870
2872
2874
2874
2875
2877
2878
2878
2878
2880
2883
2883
2891
2892
2897
2898
2899
2900
2901
2901
2905
2907
2910
2911
2916
2928
2929
2929
2931
2939
2941
2947
2954
2972
2977
2979
2986
2986
2989
2990
2994
3000
3001
3002
3002
3002
3003
3006
3007
3008
3013
3027
3028
3030
3030
3030
3043
3044
3047
3052
3054
3057
3057
3061
3069
3074
3076
3086
3090
3090
3090
3092
3092
3095
3097
3103
3106
3108
3109
3110
3113
3115
3122
3122
3136
3137
3138
3145
3145
3147
3151
3151
3153
3157
3159
3161
3162
3165
3167
3168
3171
3173
3178
3178
3180
3181
3183
3185
3186
3187
3204
3204
3204
3213
3214
3216
3221
3222
3223
3232
3232
3237
3238
3246
3248
3248
3252
3252
3257
3258
3260
3261
3263
3263
3269
3278
3282
3288
3293
3294
3298
3303
3307
3319
3319
3328
3332
3336
3339
3340
3346
3350
3353
3354
3357
3357
3359
3359
3363
3365
3366
3371
3371
3374
3378
3380
3382
3387
3389
3397
3397
3398
3401
3404
3407
3410
3416
3421
3421
3421
3423
3425
3427
3429
3432
3433
3435
3447
3453
3454
3456
3458
3461
3462
3463
3477
3485
3485
3486
3486
3486
3490
3506
3508
3510
3511
3512
3514
3522
3524
3529
3533
3534
3537
3542
3544
3546
3551
3556
3556
3573
3573
3577
3580
3586
3592
3594
3594
3601
3602
3610
3611
3613
3616
3627
3632
3632
3639
3640
3653
3656
3659
3659
3661
3671
3672
3674
3676
3681
3687
3697
3698
3698
3704
3710
3710
3720
3721
3722
3724
3725
3726
3726
3728
3734
3739
3741
3744
3754
3756
3758
3760
3760
3766
3770
3773
3774
3780
3784
3785
3789
3790
3794
3795
3797
3799
3808
3809
3818
3826
3826
3827
3832
3834
3841
3843
3845
3845
3851
3856
3857
3866
3885
3886
3900
3900
3901
3903
3906
3913
3917
3929
3931
3932
3932
3933
3934
3943
3945
3956
3958
3958
3959
3960
3961
3962
3966
3973
3973
3980
3982
3984
3993
3993
3995
4000
4002
4004
4006
4010
4012
4014
4023
4024
4024
4032
4033
4038
4046
4057
4060
4085
4086
4086
4089
4094
4103
4112
4115
4123
4124
4126
4129
4130
4132
4134
4135
4137
4140
4150
4157
4159
4160
4178
4183
4189
4189
4190
4192
4193
4194
4196
4200
4207
4221
4221
4223
4224
4227
4229
4235
4236
4243
4249
4252
4254
4261
4274
4277
4283
4288
4291
4293
4294
4299
4302
4309
4310
4320
4330
4331
4336
4345
4351
4372
4373
4374
4377
4378
4382
4385
4388
4390
4396
4399
4407
4413
4413
4417
4418
4428
4429
4433
4433
4439
4442
4445
4448
4452
4455
4462
4464
4465
4469
4477
4486
4487
4487
4489
4493
4501
4509
4512
4518
4525
4530
4538
4546
4549
4551
4552
4554
4559
4562
4563
4567
4573
4573
4576
4586
4586
4591
4596
4599
4599
4604
4605
4605
4610
4611
4613
4618
4631
4650
4652
4655
4657
4662
4677
4680
4684
4688
4689
4690
4697
4700
4700
4701
4701
4714
4715
4716
4724
4730
4733
4736
4740
4740
4742
4746
4747
4748
4749
4753
4757
4769
4780
4796
4798
4815
4815
4818
4823
4829
4830
4830
4842
4846
4847
4849
4852
4867
4869
4885
4889
4892
4901
4907
4907
4912
4918
4920
4928
4935
4938
4940
4956
4958
4963
4965
4968
4969
4970
4974
4979
4981
4982
4983
4990
4997
4998
5007
5007
5012
5015
5019
5021
5028
5029
5033
5035
5039
5059
5059
5061
5061
5062
5064
5065
5068
5075
5077
5084
5084
5092
5094
5095
5100
5105
5114
5117
5127
5133
5137
5140
5145
5151
5156
5167
5173
5181
5184
5184
5195
5199
5201
5206
5218
5229
5236
5239
5242
5252
5253
5261
5277
5282
5282
5290
5302
5311
5332
5332
5341
5345
5346
5351
5369
5372
5376
5382
5387
5388
5388
5390
5391
5392
5422
5423
5426
5430
5431
5434
5436
5437
5447
5471
5473
5479
5487
5487
5493
5495
5504
5511
5519
5521
5525
5530
5540
5542
5543
5563
5570
5581
5584
5599
5624
5625
5627
5633
5637
5641
5645
5648
5652
5653
5658
5660
5665
5667
5667
5670
5674
5677
5678
5679
5680
5690
5701
5703
5707
5712
5723
5725
5731
5739
5742
5760
5765
5767
5771
5773
5779
5779
5780
5781
5805
5807
5819
5820
5829
5870
5871
5883
5908
5913
5915
5937
5942
5949
5950
5950
5954
5978
5988
5991
5999
6000
6001
6001
6012
6016
6017
6021
6022
6027
6028
6037
6057
6075
6078
6080
6082
6091
6098
6098
6107
6113
6117
6118
6122
6137
6140
6159
6174
6186
6200
6202
6203
6217
6220
6226
6232
6234
6260
6268
6271
6276
6280
6287
6287
6309
6325
6334
6344
6349
6352
6354
6356
6359
6365
6370
6383
6392
6429
6435
6448
6450
6452
6454
6473
6480
6484
6490
6491
6494
6497
6516
6547
6548
6559
6565
6578
6581
6586
6610
6610
6617
6624
6626
6659
6664
6679
6683
6699
6708
6721
6723
6727
6729
6737
6744
6749
6768
6775
6777
6788
6790
6805
6806
6812
6826
6833
6835
6847
6852
6856
6872
6873
6887
6896
6897
6903
6910
6918
6926
6934
6934
6938
6938
6939
6942
6942
6962
6965
6981
6987
6989
7018
7019
7020
7034
7034
7035
7035
7042
7048
7051
7052
7058
7060
7126
7150
7155
7162
7167
7170
7177
7182
7187
7190
7191
7199
7212
7223
7230
7236
7237
7241
7264
7278
7317
7332
7340
7362
7362
7367
7387
7425
7434
7442
7450
7452
7462
7466
7502
7504
7515
7520
7528
7531
7534
7544
7546
7546
7578
7590
7597
7602
7609
7614
7617
7629
7630
7638
7655
7655
7661
7691
7714
7719
7725
7743
7778
7785
7785
7796
7799
7799
7802
7845
7856
7859
7870
7879
7909
7923
7943
7960
7964
7984
8009
8018
8019
8020
8027
8028
8029
8031
8059
8087
8089
8098
8112
8126
8129
8129
8131
8132
8152
8155
8155
8158
8161
8169
8177
8177
8193
8219
8228
8275
8279
8289
8294
8313
8340
8350
8365
8380
8437
8438
8442
8446
8450
8476
8476
8485
8502
8505
8515
8526
8539
8551
8559
8577
8579
8580
8635
8635
8643
8645
8647
8656
8675
8683
8684
8688
8701
8719
8728
8740
8755
8781
8806
8814
8824
8848
8859
8862
8866
8868
8877
8887
8891
8911
8921
8958
8962
8967
8974
8977
8983
8999
9016
9066
9085
9089
9107
9120
9146
9147
9149
9176
9189
9198
9201
9234
9266
9282
9287
9313
9316
9356
9369
9373
9406
9474
9511
9511
9526
9540
9552
9552
9574
9578
9593
9594
9606
9617
9629
9642
9664
9673
9702
9704
9728
9730
9762
9768
9779
9780
9781
9808
9811
9825
9827
9838
9845
9876
9903
9918
9926
9930
9945
9991
9998
10023
10033
10104
10108
10127
10132
10160
10228
10245
10272
10273
10274
10276
10307
10328
10342
10346
10391
10409
10421
10460
10490
10527
10539
10541
10565
10572
10584
10611
10618
10641
10667
10699
10710
10728
10738
10756
10762
10797
10800
10817
10831
10845
10845
10850
10875
10937
10971
10980
10985
10987
11033
11034
11056
11106
11122
11138
11146
11148
11197
11208
11218
11241
11299
11320
11321
11382
11424
11461
11490
11501
11568
11604
11630
11647
11665
11680
11684
11689
11695
11724
11745
11798
11852
11858
11860
11899
11915
11922
11932
12027
12054
12058
12067
12077
12080
12087
12093
12186
12237
12260
12267
12296
12361
12376
12407
12427
12477
12480
12498
12515
12519
12537
12548
12554
12586
12612
12647
12666
12680
12685
12709
12742
12763
12798
12814
12838
12888
12985
12996
13006
13035
13065
13069
13077
13131
13173
13175
13178
13195
13198
13297
13297
13317
13421
13443
13452
13500
13597
13641
13646
13687
13694
13704
13755
13762
13763
13789
13795
13807
13818
13833
13841
13897
14048
14054
14118
14138
14208
14249
14291
14363
14415
14425
14432
14490
14527
14603
14637
14765
14850
14924
14960
14982
15010
15116
15121
15139
15150
15154
15179
15186
15294
15309
15314
15355
15415
15426
15463
15540
15589
15641
15758
15834
15839
15853
15888
15904
15910
16087
16132
16139
16163
16185
16222
16314
16318
16402
16439
16470
16560
16629
16653
16663
16792
16812
16835
16891
16902
16957
17202
17237
17242
17263
17471
17478
17654
17658
17659
17706
17735
17744
17774
17793
17843
17844
17850
17854
17859
17888
17961
17991
18017
18096
18116
18145
18146
18183
18225
18290
18308
18310
18360
18426
18526
18588
18718
18797
18799
18879
18887
19017
19220
19248
19268
19308
19328
19693
19731
19758
19778
19829
19955
20185
20214
20224
20273
20284
20355
20366
20426
20550
20683
20737
20855
21232
21275
21310
21369
21374
21398
21552
21558
21679
21685
21694
21749
21934
22002
22023
22046
22078
22089
22108
22119
22290
22307
22523
22704
22938
22946
23242
23439
23960
23981
24063
24240
24433
24470
24581
24615
24727
24935
25481
26106
26364
26737
26862
26876
27896
28166
28199
28549
28728
28735
28918
29419
29598
29918
29934
30028
30156
30534
30972
31100
31380
31890
32288
32450
32685
32862
33058
33590
33777
33836
34020
34855
34985
36228
36666
36810
37673
40304
41289
42246
42265
42307
42856
42910
43289
43540
43690
43995
44143
49222
49580
49687
50660
55554
55746
55906
55980
59894
60373
64311
64958
67724
71570
72683
79909
83541
84180
