
1
1
1
1
1
1
1
1
1
1
1
1
1
1
1
1
1
1
2
3
3
4
4
5
6
7
7
7
8
9
9
10
10
11
11
11
12
12
12
13
14
14
14
15
15
15
16
16
16
16
17
18
19
19
21
23
26
27
28
28
30
30
31
33
34
35
36
37
38
39
39
40
40
41
43
45
46
48
49
50
51
55
55
55
55
56
56
57
57
57
58
59
62
62
63
63
64
69
69
70
72
72
73
74
74
75
75
75
76
76
76
77
77
79
80
81
82
82
84
85
87
88
89
96
96
100
101
103
104
105
105
106
107
108
108
110
112
115
115
115
115
115
116
116
117
117
119
120
121
121
122
122
123
124
125
126
127
127
130
131
131
132
133
135
135
137
139
141
141
142
145
147
148
149
152
157
157
159
159
159
161
162
162
163
163
166
167
168
170
171
172
174
175
177
178
178
179
181
182
182
183
183
183
184
185
186
187
189
190
192
193
195
195
196
197
199
202
203
205
205
206
206
207
207
208
208
208
209
209
210
210
210
212
214
216
217
217
218
219
220
222
222
223
224
225
227
228
228
230
230
231
233
234
234
235
239
239
239
240
241
241
241
241
242
242
243
244
246
248
250
251
251
251
252
253
253
253
254
254
255
255
256
260
260
262
262
265
268
269
269
269
270
271
272
276
277
277
278
278
280
282
283
284
284
285
285
288
289
289
291
293
294
294
296
298
298
300
302
303
304
305
306
308
311
312
312
315
315
316
316
316
316
317
317
319
321
323
324
326
326
326
326
329
330
330
336
337
337
338
340
341
342
342
343
343
344
345
346
347
350
351
354
354
357
358
358
358
359
359
360
364
364
364
365
365
366
367
370
370
372
377
378
381
381
382
383
384
386
386
387
387
388
388
390
395
395
396
396
396
396
396
396
399
399
400
402
402
403
405
405
406
406
407
407
408
409
413
413
413
415
417
418
418
420
420
420
420
420
421
421
422
422
426
429
429
430
431
432
432
434
436
436
438
439
440
440
441
443
444
445
447
448
450
452
452
453
455
455
455
456
457
457
460
463
465
465
465
466
466
467
469
473
473
474
475
477
478
480
480
481
482
482
482
483
486
486
487
488
489
489
489
490
493
495
495
495
496
498
500
500
501
501
501
501
502
503
503
504
504
507
508
509
510
510
511
511
512
514
514
515
517
517
517
517
517
518
520
521
521
522
522
523
526
527
527
529
530
534
534
535
536
536
538
540
543
547
548
551
552
554
555
558
562
563
563
564
565
566
567
568
568
568
568
570
570
570
572
573
575
575
577
578
581
583
584
584
585
585
586
586
587
588
589
591
592
594
595
595
596
597
598
598
599
600
600
601
601
601
601
604
605
606
606
606
606
608
609
609
611
614
615
615
616
617
618
618
618
620
622
622
624
625
628
628
629
631
632
633
634
635
635
637
641
642
642
643
645
648
649
650
651
651
651
652
652
652
653
654
656
658
660
662
662
663
663
664
667
668
671
671
673
673
674
675
675
677
678
682
686
691
692
692
692
693
693
696
696
699
700
701
702
702
702
702
706
707
708
708
710
711
714
715
716
716
718
719
720
721
721
723
723
723
726
726
726
726
727
727
728
730
731
732
736
738
738
739
740
741
741
741
742
743
745
745
746
747
747
747
748
749
749
754
754
755
759
760
762
763
764
764
765
768
768
770
771
771
771
772
773
775
777
777
777
778
779
780
780
780
781
783
784
785
785
785
786
787
788
792
792
794
795
796
796
797
797
797
798
798
798
803
803
807
807
811
811
815
820
821
822
825
827
827
828
829
830
831
834
834
836
837
837
837
842
842
842
844
850
850
851
851
852
853
854
857
859
861
862
865
868
868
869
869
870
871
872
873
874
874
875
875
875
877
879
879
879
879
880
882
882
885
888
891
892
893
895
897
897
897
899
900
901
901
901
901
901
903
903
905
907
909
909
911
911
911
915
915
918
918
918
921
925
926
927
928
930
931
934
936
938
939
941
942
943
944
944
947
948
948
949
949
951
953
954
956
957
958
958
959
964
964
967
967
967
969
969
973
978
980
980
982
983
983
984
987
987
990
991
991
993
993
994
994
995
997
1000
1002
1002
1003
1003
1003
1004
1006
1006
1006
1008
1010
1011
1012
1013
1015
1018
1020
1023
1026
1027
1030
1034
1035
1037
1037
1039
1040
1042
1043
1045
1046
1047
1049
1049
1049
1049
1051
1053
1054
1054
1055
1057
1057
1058
1059
1059
1060
1061
1061
1063
1063
1064
1064
1066
1068
1069
1073
1076
1076
1078
1078
1079
1081
1082
1088
1090
1091
1092
1093
1095
1095
1096
1096
1097
1099
1100
1103
1105
1105
1105
1105
1106
1107
1108
1108
1109
1109
1110
1112
1113
1114
1114
1114
1116
1116
1120
1121
1122
1123
1125
1128
1132
1133
1137
1139
1142
1143
1143
1146
1150
1155
1160
1160
1162
1163
1163
1164
1165
1166
1167
1168
1170
1175
1179
1179
1180
1180
1181
1182
1185
1185
1186
1190
1195
1196
1200
1202
1205
1206
1206
1207
1208
1211
1212
1213
1214
1218
1224
1225
1225
1225
1228
1231
1233
1234
1237
1238
1238
1242
1242
1244
1244
1244
1245
1245
1251
1255
1255
1256
1257
1260
1261
1264
1264
1268
1270
1271
1271
1275
1279
1283
1283
1284
1284
1285
1285
1287
1290
1291
1291
1293
1294
1296
1296
1298
1300
1301
1301
1303
1304
1305
1305
1306
1307
1307
1308
1316
1316
1317
1321
1322
1327
1332
1335
1337
1341
1343
1349
1352
1354
1355
1356
1356
1358
1360
1361
1362
1363
1365
1367
1368
1370
1372
1373
1375
1376
1377
1382
1386
1386
1390
1391
1391
1391
1392
1392
1393
1396
1398
1398
1400
1401
1404
1406
1408
1412
1412
1415
1416
1416
1416
1422
1424
1426
1427
1427
1428
1431
1432
1432
1433
1434
1435
1435
1437
1439
1439
1446
1450
1451
1452
1457
1458
1463
1465
1467
1475
1475
1477
1478
1479
1479
1480
1482
1482
1485
1486
1486
1487
1487
1487
1487
1487
1492
1492
1497
1499
1503
1503
1505
1507
1508
1509
1511
1512
1513
1515
1516
1516
1516
1518
1521
1525
1525
1527
1527
1528
1531
1533
1534
1535
1538
1538
1539
1542
1543
1546
1546
1547
1553
1553
1556
1559
1559
1559
1560
1561
1565
1566
1568
1568
1572
1575
1575
1577
1578
1580
1583
1583
1585
1587
1589
1593
1593
1598
1608
1608
1612
1612
1615
1622
1622
1624
1625
1625
1627
1631
1632
1633
1635
1636
1636
1637
1638
1643
1646
1648
1651
1652
1652
1652
1653
1654
1656
1657
1660
1666
1667
1670
1670
1671
1672
1674
1674
1677
1677
1679
1679
1680
1681
1682
1684
1688
1692
1692
1692
1693
1695
1697
1697
1702
1706
1708
1712
1713
1714
1716
1717
1717
1718
1719
1720
1722
1723
1726
1727
1729
1733
1739
1739
1740
1741
1742
1744
1745
1745
1746
1746
1747
1747
1749
1751
1753
1753
1754
1754
1759
1762
1763
1763
1765
1765
1766
1767
1769
1771
1772
1773
1773
1774
1774
1777
1778
1780
1781
1781
1784
1785
1791
1793
1796
1800
1801
1803
1804
1804
1805
1807
1809
1809
1812
1816
1816
1817
1818
1818
1822
1826
1827
1827
1827
1829
1831
1832
1832
1836
1837
1838
1840
1840
1841
1841
1842
1844
1844
1844
1845
1846
1847
1847
1853
1862
1864
1865
1865
1868
1871
1874
1876
1878
1878
1879
1881
1882
1883
1885
1887
1887
1888
1891
1894
1901
1902
1904
1904
1906
1906
1909
1909
1909
1909
1913
1918
1918
1919
1920
1928
1934
1939
1943
1943
1944
1945
1946
1949
1954
1957
1959
1959
1961
1966
1970
1970
1972
1972
1973
1974
1975
1976
1978
1980
1981
1982
1982
1983
1986
1987
1991
1991
1991
1992
1992
1992
1994
1994
1995
1997
1998
2000
2004
2004
2011
2012
2013
2013
2014
2017
2020
2021
2021
2022
2023
2027
2029
2033
2033
2034
2039
2042
2046
2048
2049
2053
2054
2054
2061
2063
2065
2066
2067
2068
2076
2079
2084
2087
2091
2093
2094
2094
2098
2104
2105
2110
2111
2111
2111
2112
2113
2117
2119
2120
2122
2123
2123
2124
2124
2126
2135
2136
2137
2137
2138
2138
2139
2141
2145
2145
2152
2153
2155
2160
2161
2162
2164
2165
2175
2180
2182
2185
2186
2187
2189
2190
2193
2193
2196
2196
2199
2206
2208
2209
2212
2214
2214
2215
2216
2217
2226
2227
2228
2229
2232
2237
2241
2244
2248
2250
2250
2253
2253
2258
2258
2258
2262
2268
2269
2277
2281
2284
2284
2286
2287
2287
2288
2289
2294
2295
2298
2304
2309
2310
2315
2316
2317
2320
2321
2324
2330
2331
2331
2331
2334
2337
2340
2340
2341
2346
2347
2348
2352
2352
2355
2355
2356
2358
2360
2367
2371
2377
2379
2379
2380
2381
2382
2382
2389
2394
2395
2396
2396
2398
2401
2402
2403
2404
2412
2420
2420
2421
2421
2422
2422
2422
2423
2426
2429
2430
2431
2431
2431
2433
2433
2436
2436
2437
2439
2440
2441
2443
2446
2446
2448
2449
2450
2451
2453
2454
2456
2457
2460
2465
2467
2471
2479
2482
2482
2488
2489
2490
2491
2492
2492
2493
2494
2499
2502
2503
2503
2506
2509
2517
2524
2525
2526
2526
2527
2528
2532
2532
2532
2533
2534
2534
2534
2537
2538
2540
2540
2541
2541
2543
2544
2545
2546
2546
2550
2553
2555
2556
2563
2564
2568
2569
2570
2571
2571
2571
2571
2574
2578
2578
2589
2591
2591
2593
2594
2594
2594
2596
2604
2604
2604
2604
2613
2616
2618
2620
2626
2626
2629
2631
2631
2632
2632
2634
2637
2637
2643
2643
2644
2645
2648
2650
2652
2653
2656
2658
2661
2664
2665
2672
2676
2676
2678
2678
2679
2681
2683
2684
2685
2687
2695
2696
2699
2701
2706
2707
2708
2712
2715
2717
2719
2719
2721
2722
2724
2725
2726
2727
2730
2738
2738
2738
2738
2744
2748
2753
2754
2757
2760
2765
2765
2768
2778
2782
2789
2802
2803
2810
2817
2824
2826
2826
2826
2830
2831
2831
2834
2839
2841
2841
2841
2843
2851
2854
2860
2863
2863
2865
2865
2872
2872
2874
2875
2876
2877
2878
2878
2878
2883
2883
2891
2892
2897
2898
2899
2900
2904
2905
2907
2907
2910
2911
2912
2913
2915
2916
2929
2929
2930
2934
2935
2939
2941
2947
2952
2957
2958
2958
2965
2968
2978
2979
2982
2985
2986
2989
2989
2990
2993
2994
3000
3000
3001
3001
3002
3002
3003
3006
3007
3009
3013
3017
3023
3025
3027
3028
3030
3030
3043
3044
3047
3050
3052
3054
3057
3061
3063
3064
3064
3076
3082
3083
3084
3090
3090
3090
3091
3092
3092
3095
3095
3097
3103
3105
3106
3108
3109
3110
3111
3113
3113
3115
3115
3120
3122
3126
3130
3134
3136
3137
3138
3145
3145
3147
3150
3151
3155
3157
3159
3162
3162
3163
3167
3168
3168
3170
3170
3171
3178
3178
3180
3181
3183
3186
3187
3191
3203
3204
3204
3211
3214
3216
3216
3221
3221
3222
3222
3223
3226
3230
3232
3232
3237
3238
3243
3246
3246
3248
3248
3252
3252
3260
3261
3263
3263
3274
3276
3278
3282
3288
3292
3294
3294
3298
3303
3309
3313
3317
3319
3321
3324
3328
3337
3339
3340
3342
3346
3351
3357
3357
3359
3359
3366
3370
3371
3371
3373
3378
3380
3382
3387
3388
3391
3392
3395
3397
3398
3399
3414
3416
3421
3425
3427
3432
3432
3432
3433
3434
3434
3435
3447
3448
3450
3451
3454
3458
3461
3462
3463
3466
3474
3477
3480
3480
3486
3486
3486
3490
3490
3491
3495
3497
3506
3510
3511
3513
3514
3515
3522
3523
3524
3529
3531
3537
3542
3542
3544
3545
3549
3551
3556
3556
3557
3562
3568
3571
3573
3573
3577
3579
3580
3581
3591
3591
3592
3597
3601
3610
3611
3612
3625
3627
3632
3632
3639
3640
3643
3653
3656
3660
3661
3670
3671
3672
3674
3677
3678
3681
3682
3685
3687
3696
3697
3697
3698
3704
3710
3713
3715
3718
3720
3721
3722
3724
3726
3726
3726
3728
3733
3734
3734
3739
3739
3741
3742
3744
3748
3749
3752
3756
3758
3760
3762
3766
3768
3768
3774
3780
3784
3785
3785
3787
3789
3795
3797
3798
3808
3809
3809
3818
3821
3827
3832
3832
3834
3836
3841
3843
3851
3856
3857
3859
3864
3866
3885
3886
3886
3893
3894
3897
3899
3900
3900
3901
3903
3906
3913
3917
3929
3931
3932
3933
3934
3934
3937
3937
3937
3943
3945
3952
3957
3958
3958
3959
3961
3973
3973
3975
3977
3978
3980
3983
3987
3991
3993
4000
4000
4006
4006
4012
4014
4024
4038
4057
4060
4065
4077
4085
4086
4086
4086
4089
4091
4094
4095
4101
4111
4115
4117
4120
4122
4123
4124
4124
4125
4126
4129
4130
4134
4135
4135
4136
4140
4150
4157
4161
4163
4171
4176
4178
4180
4183
4189
4189
4189
4190
4192
4193
4194
4211
4221
4221
4223
4223
4224
4224
4225
4225
4235
4236
4246
4250
4252
4254
4267
4274
4274
4276
4276
4277
4277
4283
4288
4289
4293
4299
4307
4310
4312
4319
4320
4321
4322
4330
4336
4345
4347
4351
4355
4362
4365
4372
4374
4377
4378
4385
4388
4389
4394
4394
4402
4407
4413
4413
4414
4415
4417
4428
4429
4430
4433
4433
4439
4442
4445
4448
4452
4455
4462
4464
4469
4477
4487
4487
4489
4493
4516
4522
4530
4530
4531
4532
4544
4546
4549
4554
4562
4563
4573
4573
4576
4584
4586
4586
4591
4599
4599
4604
4605
4610
4612
4613
4622
4631
4643
4646
4650
4651
4652
4655
4656
4657
4662
4663
4665
4670
4680
4684
4684
4697
4701
4705
4714
4715
4719
4720
4722
4724
4733
4736
4740
4742
4742
4746
4748
4749
4750
4750
4753
4757
4762
4764
4769
4773
4780
4780
4782
4787
4798
4811
4815
4818
4822
4823
4823
4830
4833
4836
4842
4847
4849
4866
4867
4867
4869
4872
4885
4886
4889
4891
4892
4893
4907
4912
4918
4919
4928
4933
4935
4938
4956
4958
4960
4962
4963
4965
4968
4969
4974
4979
4982
4983
4990
4992
4997
5008
5012
5015
5019
5021
5029
5033
5039
5045
5046
5051
5053
5059
5059
5061
5062
5066
5066
5068
5068
5075
5077
5078
5084
5087
5092
5095
5097
5100
5106
5109
5117
5130
5133
5145
5156
5160
5164
5167
5173
5174
5175
5181
5184
5188
5198
5199
5201
5202
5204
5212
5217
5222
5239
5242
5242
5252
5253
5261
5263
5271
5277
5282
5282
5283
5289
5290
5302
5311
5313
5331
5332
5338
5341
5345
5346
5348
5351
5365
5369
5372
5377
5379
5382
5387
5388
5388
5390
5391
5392
5400
5422
5430
5431
5436
5437
5447
5471
5473
5479
5487
5487
5493
5495
5495
5504
5511
5519
5521
5525
5542
5543
5547
5560
5563
5564
5565
5570
5581
5584
5599
5601
5621
5624
5625
5633
5637
5641
5645
5647
5652
5658
5660
5661
5664
5667
5677
5678
5678
5679
5680
5687
5694
5701
5703
5707
5712
5714
5723
5725
5728
5739
5742
5743
5753
5754
5755
5760
5765
5766
5767
5779
5780
5781
5784
5789
5791
5794
5805
5808
5829
5859
5865
5870
5871
5883
5903
5908
5915
5933
5934
5937
5942
5949
5950
5950
5950
5954
5960
5975
5976
5978
5988
5991
5999
5999
6000
6001
6017
6021
6026
6037
6040
6055
6057
6075
6075
6078
6079
6080
6082
6090
6091
6093
6107
6114
6137
6140
6146
6159
6188
6200
6203
6217
6220
6226
6227
6232
6234
6264
6268
6271
6273
6280
6287
6287
6291
6295
6309
6325
6334
6344
6349
6351
6352
6356
6359
6361
6363
6370
6370
6379
6383
6392
6404
6409
6417
6429
6430
6442
6445
6448
6450
6452
6480
6487
6491
6494
6497
6502
6516
6518
6547
6556
6559
6578
6581
6586
6592
6596
6597
6601
6606
6610
6610
6614
6617
6624
6640
6641
6659
6664
6683
6699
6703
6708
6718
6720
6721
6723
6729
6734
6735
6737
6744
6744
6749
6765
6768
6775
6777
6786
6788
6791
6792
6792
6803
6805
6805
6806
6812
6814
6826
6833
6835
6845
6847
6852
6856
6872
6896
6896
6897
6910
6918
6919
6934
6934
6938
6939
6942
6942
6943
6962
6965
6981
6981
6982
6987
6989
7015
7015
7018
7020
7034
7035
7041
7042
7047
7048
7051
7058
7060
7116
7126
7134
7150
7155
7162
7167
7177
7182
7187
7189
7190
7191
7197
7199
7212
7220
7227
7230
7235
7236
7237
7241
7254
7261
7264
7278
7278
7290
7297
7311
7317
7340
7346
7362
7362
7374
7401
7404
7406
7407
7425
7434
7452
7462
7466
7476
7515
7520
7528
7531
7534
7544
7546
7553
7553
7566
7577
7590
7602
7609
7614
7629
7630
7638
7655
7657
7660
7661
7691
7714
7719
7749
7772
7778
7779
7785
7799
7799
7820
7823
7845
7856
7859
7869
7870
7876
7906
7909
7923
7943
7960
7964
7979
7984
8009
8013
8018
8020
8020
8027
8028
8029
8051
8059
8059
8087
8107
8112
8126
8129
8131
8132
8152
8169
8172
8173
8177
8180
8219
8228
8236
8236
8256
8275
8275
8279
8289
8294
8306
8331
8350
8351
8375
8380
8382
8384
8394
8424
8426
8437
8438
8446
8450
8476
8476
8485
8502
8505
8509
8515
8526
8539
8548
8551
8554
8557
8579
8580
8590
8595
8635
8643
8656
8666
8675
8682
8688
8698
8719
8719
8728
8740
8755
8760
8781
8793
8793
8794
8806
8859
8862
8868
8889
8901
8911
8915
8921
8940
8962
8967
8974
8977
8983
8999
9007
9016
9056
9060
9066
9085
9089
9090
9120
9129
9146
9146
9147
9149
9175
9176
9189
9201
9234
9266
9282
9316
9355
9356
9369
9373
9378
9406
9419
9439
9451
9474
9499
9511
9511
9526
9540
9540
9540
9552
9578
9593
9594
9606
9629
9664
9695
9704
9712
9730
9762
9777
9779
9780
9781
9788
9799
9808
9811
9817
9827
9838
9845
9875
9876
9926
9930
9939
9945
9946
9970
9991
9998
10033
10046
10082
10104
10108
10110
10119
10127
10132
10135
10137
10145
10149
10204
10228
10245
10272
10273
10300
10303
10328
10342
10346
10367
10391
10406
10409
10442
10460
10469
10527
10539
10541
10565
10611
10618
10641
10667
10699
10710
10723
10728
10738
10762
10762
10763
10786
10797
10800
10817
10817
10831
10845
10845
10850
10875
10899
10931
10937
10950
10968
10971
10985
10987
11015
11017
11033
11034
11056
11106
11122
11138
11142
11197
11241
11281
11299
11320
11321
11332
11351
11357
11382
11424
11425
11461
11477
11490
11501
11568
11574
11647
11675
11684
11695
11718
11724
11745
11751
11798
11807
11852
11858
11860
11899
11922
11951
11976
12020
12054
12058
12067
12077
12080
12087
12093
12186
12199
12200
12242
12260
12267
12296
12363
12427
12480
12498
12498
12502
12526
12554
12558
12569
12586
12588
12612
12632
12647
12666
12672
12682
12685
12709
12717
12742
12755
12798
12814
12860
12888
12913
12931
12946
12985
12986
12996
13006
13065
13069
13077
13085
13105
13115
13131
13173
13195
13198
13239
13297
13297
13317
13333
13421
13556
13597
13646
13657
13694
13704
13752
13755
13762
13763
13789
13807
13818
13833
13837
13839
13897
13905
13980
14026
14045
14054
14118
14126
14208
14231
14249
14363
14415
14425
14432
14527
14603
14637
14648
14786
14850
14924
14960
14972
15003
15010
15116
15116
15154
15186
15294
15309
15314
15355
15415
15426
15449
15460
15463
15478
15489
15540
15589
15641
15680
15758
15834
15853
15888
15904
15910
16087
16132
16139
16163
16185
16222
16318
16385
16402
16470
16472
16560
16629
16653
16663
16664
16792
16812
16835
16891
16902
16957
16961
17202
17237
17242
17471
17478
17658
17659
17706
17774
17843
17850
17854
17859
17879
17881
17896
17940
17991
18084
18116
18145
18146
18183
18225
18290
18308
18310
18360
18426
18493
18499
18509
18521
18526
18588
18729
18793
18797
18879
18887
19017
19026
19220
19248
19308
19382
19403
19553
19693
19731
19758
19778
19904
19942
19955
20021
20185
20214
20224
20273
20284
20366
20426
20436
20508
20737
20855
20892
21119
21183
21232
21275
21310
21369
21374
21398
21552
21558
21679
21685
21749
21823
21858
21926
21934
22023
22036
22046
22078
22089
22108
22119
22123
22290
22307
22344
22523
22704
22938
23242
23288
23981
24063
24072
24120
24240
24470
24581
24615
24683
24935
24943
25027
25481
26737
26739
26937
26997
27509
27971
28166
28199
28728
28735
28918
29182
29419
29598
29918
29934
30028
30067
30156
30534
30972
31100
31380
31890
32288
32450
32685
32862
33058
33590
33836
33852
34020
34930
34985
36228
36666
37149
37673
40304
41289
42265
42307
42321
42856
42910
43364
43540
43690
43995
44143
49222
49655
49687
50735
55554
55821
55980
55981
59969
60448
64386
65033
67724
71645
72758
79909
83541
84180
