

1
1
1
1
1
1
1
2
2
3
3
3
3
3
6
6
6
8
12
13
14
17
19
19
19
21
21
23
23
24
25
25
26
26
27
28
28
30
31
31
32
32
33
34
34
35
35
36
36
40
41
42
42
44
44
44
46
47
47
47
48
48
48
49
49
50
51
51
52
52
54
54
54
55
56
56
56
57
57
58
58
59
59
60
61
61
62
62
63
64
67
67
68
69
72
72
73
73
73
73
74
76
76
78
79
79
80
82
82
84
85
86
88
89
92
92
92
93
93
93
93
94
94
94
96
97
98
98
99
100
102
102
104
105
105
107
108
108
109
110
110
114
114
114
114
115
116
116
117
119
119
120
121
121
121
121
122
123
124
124
124
125
126
127
129
130
131
132
133
133
133
134
135
135
135
135
136
136
136
137
137
137
138
138
138
139
139
140
140
145
145
146
146
146
147
147
148
148
149
149
150
151
151
152
152
153
154
155
155
156
156
156
156
159
159
160
160
161
161
163
163
164
166
166
167
168
168
168
168
168
168
169
170
171
172
172
173
176
177
178
178
179
179
179
179
180
182
182
183
186
186
187
188
188
188
189
189
190
190
190
191
192
192
193
193
194
195
195
196
196
196
198
199
199
200
200
200
201
201
202
202
203
204
205
205
205
206
206
206
207
207
207
208
208
208
209
210
210
211
211
211
212
212
212
213
214
215
216
216
220
220
221
221
221
221
223
223
224
224
224
225
225
225
225
226
226
228
230
230
231
232
232
234
234
235
235
236
236
239
239
239
240
241
241
241
241
243
243
243
244
244
245
245
246
246
246
247
248
248
251
251
252
252
252
252
253
254
254
254
255
255
256
259
260
260
260
262
262
263
263
263
263
264
265
266
266
267
267
269
270
270
271
271
272
272
273
273
273
273
273
273
274
275
276
277
278
278
279
281
281
281
282
282
282
283
284
284
287
287
288
289
289
289
290
292
292
293
293
293
294
295
295
295
296
297
297
299
300
300
301
301
302
302
302
302
304
304
305
305
305
306
306
307
309
309
310
310
310
311
311
311
311
312
312
314
314
315
315
316
317
318
318
319
321
322
322
323
323
324
324
325
325
325
326
326
326
328
328
330
332
332
333
334
335
336
336
337
337
338
338
341
342
343
343
343
345
346
347
347
347
348
348
349
349
350
350
350
350
351
351
352
353
355
355
355
356
357
358
359
359
360
361
362
362
362
362
364
364
365
365
367
368
368
369
369
370
370
372
372
374
375
376
376
377
377
380
380
381
382
384
386
387
387
388
389
389
389
390
392
392
393
394
395
395
396
396
398
399
400
401
401
401
401
402
402
405
406
406
406
407
407
409
409
409
410
410
410
410
413
413
413
415
417
417
418
419
419
419
419
419
420
420
420
420
422
422
422
422
422
422
423
423
423
424
424
424
424
425
425
425
426
426
426
426
427
428
428
428
429
430
430
430
432
432
432
432
434
434
438
438
439
439
440
440
440
441
441
442
442
442
443
444
444
444
445
449
450
451
452
452
452
452
453
454
454
455
455
455
455
456
456
457
459
459
460
460
460
461
461
462
464
464
465
465
466
467
467
467
468
468
468
469
470
471
471
471
472
472
472
473
473
473
474
474
474
474
475
476
477
477
478
478
479
480
480
481
481
483
483
484
484
485
486
487
488
489
489
489
490
490
491
491
493
493
495
496
496
496
497
497
498
498
499
499
502
503
505
505
506
508
508
509
510
511
512
512
514
514
517
518
518
519
519
520
520
521
521
521
523
523
523
525
526
526
527
527
528
528
528
528
529
529
529
529
531
531
531
532
533
535
535
535
535
536
536
537
537
537
537
538
538
538
539
539
539
539
540
540
541
542
542
543
543
543
543
543
543
544
544
544
545
547
548
548
548
549
549
550
550
550
551
553
554
554
554
556
556
557
558
558
559
559
560
560
560
560
561
561
562
562
562
563
563
564
565
566
566
566
567
568
568
570
570
570
571
571
572
572
572
573
573
575
576
576
577
577
578
578
579
579
580
580
582
582
583
583
584
584
585
587
587
588
588
588
588
589
592
592
593
593
594
594
594
595
596
597
598
598
598
598
598
599
599
600
600
601
602
602
604
605
605
608
608
609
611
611
613
613
613
613
614
614
616
616
616
616
616
617
617
619
620
620
620
621
622
623
624
626
627
627
627
628
628
630
630
633
634
634
635
636
636
636
637
638
640
641
642
643
643
643
644
645
645
645
645
647
648
648
649
650
652
653
654
655
655
657
657
658
659
659
662
665
666
667
667
669
671
671
672
673
673
673
673
674
674
675
676
678
679
681
681
683
683
685
685
686
686
687
688
688
689
689
689
690
690
690
690
690
691
691
692
693
693
693
696
696
696
696
696
697
699
699
700
700
701
703
703
704
704
705
705
705
705
706
706
709
711
711
711
712
712
714
716
716
717
718
718
719
720
720
720
720
721
721
721
722
723
723
723
723
725
727
728
728
728
729
730
730
730
731
731
732
732
734
734
734
737
737
738
738
738
739
740
741
741
741
742
743
744
744
744
745
746
747
747
748
748
748
749
749
749
749
750
750
751
751
752
753
753
754
754
755
756
757
758
758
759
760
760
761
762
763
763
764
764
766
766
766
766
766
769
769
769
769
771
772
774
775
778
778
779
780
781
781
781
781
783
783
784
785
786
786
787
790
791
791
791
792
792
792
793
793
794
795
796
797
797
798
798
799
800
800
802
802
803
803
804
805
805
805
806
807
808
808
808
808
808
811
812
812
812
812
812
815
815
816
816
817
818
818
818
819
819
819
820
821
821
824
825
825
826
827
828
829
829
829
830
830
833
833
834
835
835
836
836
836
837
839
840
840
840
842
842
842
842
842
843
843
843
844
845
845
847
847
851
851
852
852
854
854
855
855
855
859
860
861
861
862
862
863
863
863
864
864
864
865
866
867
868
868
870
870
871
872
873
873
873
875
876
878
880
880
880
880
883
883
884
884
886
887
887
887
887
888
888
888
888
889
889
889
891
891
892
893
894
896
896
897
897
897
897
898
898
899
900
901
901
903
908
911
911
911
911
911
912
913
916
916
917
918
918
919
919
920
922
922
923
923
925
925
925
926
926
930
930
931
931
931
934
934
934
938
939
939
940
941
941
942
943
943
945
948
948
949
950
950
950
952
952
953
954
956
956
956
958
960
963
965
966
968
969
969
970
971
973
976
976
977
978
978
981
981
982
982
983
984
986
988
989
990
990
991
991
993
994
995
999
999
999
1000
1000
1002
1002
1004
1004
1006
1007
1007
1007
1008
1009
1010
1010
1012
1012
1013
1013
1014
1015
1016
1017
1018
1018
1021
1021
1023
1024
1025
1025
1026
1027
1028
1029
1032
1033
1034
1034
1034
1034
1034
1034
1035
1036
1037
1037
1039
1042
1043
1043
1044
1044
1044
1044
1046
1047
1047
1049
1050
1050
1050
1050
1050
1054
1054
1055
1057
1057
1057
1057
1057
1058
1058
1058
1059
1059
1064
1064
1065
1065
1065
1065
1066
1067
1067
1069
1069
1069
1070
1074
1075
1077
1077
1078
1078
1080
1081
1084
1085
1087
1088
1089
1090
1092
1092
1093
1094
1094
1094
1095
1095
1096
1097
1098
1100
1101
1101
1102
1103
1104
1104
1105
1105
1106
1106
1107
1107
1108
1109
1109
1109
1110
1111
1112
1112
1112
1114
1114
1115
1116
1116
1117
1117
1118
1119
1119
1120
1122
1122
1123
1124
1126
1126
1128
1128
1129
1130
1133
1133
1134
1134
1135
1135
1136
1138
1139
1140
1140
1141
1141
1142
1142
1143
1143
1143
1143
1144
1144
1145
1145
1146
1147
1147
1147
1149
1149
1151
1151
1152
1154
1154
1155
1155
1157
1157
1157
1159
1160
1161
1163
1164
1166
1166
1167
1169
1169
1171
1172
1175
1176
1177
1177
1177
1178
1180
1182
1182
1182
1183
1183
1183
1184
1185
1185
1186
1188
1188
1191
1191
1192
1192
1194
1195
1195
1196
1197
1198
1198
1199
1201
1201
1202
1204
1204
1205
1207
1207
1208
1208
1208
1208
1210
1213
1213
1215
1215
1216
1216
1217
1219
1221
1222
1223
1224
1225
1227
1227
1228
1231
1234
1234
1235
1236
1236
1236
1237
1237
1241
1243
1243
1244
1245
1245
1245
1245
1248
1251
1252
1252
1253
1254
1255
1260
1261
1261
1263
1265
1266
1268
1269
1271
1272
1272
1273
1274
1275
1276
1280
1281
1281
1282
1283
1286
1287
1287
1288
1288
1288
1290
1291
1292
1292
1293
1294
1297
1297
1297
1301
1302
1303
1303
1305
1305
1305
1306
1306
1307
1309
1310
1310
1310
1311
1311
1312
1314
1315
1315
1316
1317
1317
1318
1318
1320
1321
1321
1321
1322
1322
1322
1323
1323
1325
1326
1328
1328
1328
1329
1329
1330
1330
1331
1331
1334
1334
1335
1335
1336
1336
1337
1338
1339
1341
1342
1345
1346
1346
1346
1346
1347
1349
1349
1350
1351
1351
1352
1352
1353
1355
1355
1357
1358
1364
1367
1368
1368
1370
1371
1371
1376
1378
1380
1380
1381
1383
1384
1384
1385
1385
1385
1386
1386
1387
1387
1388
1389
1389
1391
1393
1393
1394
1395
1395
1395
1396
1397
1398
1398
1399
1400
1401
1401
1401
1402
1402
1402
1402
1403
1403
1404
1406
1407
1412
1414
1415
1416
1416
1417
1417
1417
1417
1417
1417
1418
1419
1420
1424
1428
1429
1429
1429
1430
1430
1431
1431
1432
1432
1433
1433
1435
1435
1437
1438
1439
1440
1440
1441
1441
1442
1442
1443
1444
1446
1448
1451
1451
1451
1452
1456
1456
1458
1461
1461
1463
1463
1464
1466
1467
1470
1470
1470
1472
1476
1476
1478
1478
1481
1483
1484
1485
1485
1486
1487
1489
1489
1490
1490
1492
1492
1497
1498
1498
1498
1498
1498
1499
1503
1503
1504
1504
1505
1505
1507
1509
1509
1513
1516
1516
1516
1519
1520
1522
1524
1524
1527
1529
1529
1530
1532
1533
1534
1534
1537
1537
1537
1538
1539
1541
1541
1541
1542
1542
1543
1544
1546
1546
1546
1547
1547
1548
1548
1549
1551
1551
1552
1553
1553
1554
1556
1557
1557
1558
1562
1563
1564
1565
1566
1567
1567
1568
1569
1573
1574
1575
1575
1577
1577
1579
1579
1579
1580
1580
1585
1586
1586
1587
1587
1588
1589
1589
1589
1591
1594
1595
1595
1598
1600
1600
1601
1601
1602
1604
1605
1607
1607
1607
1608
1610
1611
1612
1612
1613
1615
1616
1617
1617
1618
1618
1621
1623
1623
1625
1625
1627
1630
1630
1630
1632
1633
1633
1633
1633
1634
1634
1634
1634
1635
1638
1638
1643
1644
1645
1645
1646
1647
1647
1649
1651
1654
1654
1654
1657
1658
1658
1659
1661
1661
1662
1664
1665
1668
1668
1668
1669
1671
1671
1673
1674
1680
1681
1682
1684
1684
1685
1685
1686
1689
1689
1689
1690
1695
1697
1698
1699
1700
1702
1702
1703
1704
1704
1704
1707
1709
1713
1718
1718
1719
1720
1721
1722
1722
1724
1724
1724
1726
1727
1728
1730
1730
1731
1731
1732
1732
1737
1738
1738
1738
1738
1739
1739
1740
1742
1743
1744
1744
1747
1750
1751
1751
1752
1753
1755
1756
1757
1759
1760
1761
1764
1765
1765
1767
1769
1770
1771
1772
1776
1779
1780
1782
1784
1785
1786
1786
1790
1791
1796
1797
1798
1799
1799
1801
1801
1802
1803
1805
1806
1806
1806
1809
1813
1813
1816
1816
1822
1822
1822
1823
1824
1825
1826
1827
1828
1829
1829
1829
1830
1831
1832
1832
1832
1833
1838
1838
1840
1840
1841
1843
1844
1844
1845
1845
1846
1846
1848
1852
1854
1855
1858
1859
1862
1864
1865
1866
1866
1869
1869
1871
1871
1875
1875
1876
1878
1883
1883
1884
1884
1884
1885
1886
1886
1889
1889
1890
1892
1893
1895
1895
1896
1898
1901
1902
1902
1902
1904
1910
1911
1912
1913
1914
1914
1915
1915
1916
1920
1923
1924
1924
1925
1925
1927
1927
1929
1930
1930
1930
1933
1934
1935
1937
1940
1944
1946
1946
1947
1948
1951
1952
1954
1954
1955
1957
1960
1960
1961
1962
1965
1966
1967
1969
1970
1971
1973
1974
1975
1976
1979
1979
1980
1981
1981
1982
1984
1985
1985
1985
1993
1999
1999
2000
2001
2001
2001
2001
2003
2007
2007
2008
2010
2012
2013
2018
2023
2024
2025
2027
2027
2029
2029
2029
2033
2033
2034
2034
2036
2037
2037
2037
2038
2040
2043
2044
2045
2050
2052
2052
2055
2056
2058
2060
2061
2061
2063
2064
2064
2065
2066
2067
2067
2067
2068
2069
2073
2075
2076
2077
2077
2078
2079
2081
2081
2081
2084
2085
2090
2091
2091
2094
2095
2095
2096
2099
2100
2100
2100
2101
2105
2108
2109
2110
2112
2113
2116
2116
2116
2117
2117
2117
2119
2122
2129
2130
2130
2131
2131
2133
2135
2135
2135
2137
2138
2139
2140
2142
2142
2143
2146
2147
2147
2151
2151
2152
2152
2155
2156
2159
2160
2163
2163
2164
2167
2171
2174
2177
2177
2178
2181
2181
2182
2182
2183
2183
2183
2183
2184
2185
2189
2190
2190
2191
2192
2192
2193
2194
2195
2195
2196
2201
2202
2204
2206
2211
2211
2216
2217
2217
2219
2219
2224
2225
2225
2225
2234
2236
2241
2241
2242
2242
2243
2246
2246
2246
2247
2252
2253
2254
2256
2257
2260
2262
2262
2265
2265
2265
2269
2270
2272
2272
2274
2275
2277
2278
2280
2280
2280
2282
2287
2288
2289
2289
2290
2291
2293
2294
2296
2296
2300
2303
2303
2306
2308
2308
2317
2318
2319
2324
2327
2327
2329
2330
2330
2330
2331
2331
2334
2336
2336
2336
2336
2340
2343
2343
2344
2346
2346
2347
2348
2349
2354
2357
2358
2362
2363
2363
2366
2367
2370
2373
2373
2374
2377
2377
2378
2383
2384
2389
2389
2391
2391
2393
2393
2394
2394
2395
2395
2397
2397
2399
2402
2403
2405
2406
2407
2408
2412
2416
2419
2422
2422
2427
2427
2428
2428
2432
2433
2434
2435
2441
2442
2450
2452
2453
2453
2453
2454
2455
2455
2458
2459
2459
2459
2461
2461
2461
2464
2466
2467
2468
2468
2469
2469
2470
2471
2475
2476
2477
2480
2481
2485
2489
2493
2493
2496
2497
2497
2500
2500
2501
2502
2515
2520
2525
2527
2527
2532
2533
2535
2538
2540
2542
2543
2545
2548
2551
2552
2554
2555
2559
2563
2565
2565
2566
2566
2567
2571
2577
2580
2582
2587
2590
2591
2592
2594
2595
2599
2601
2602
2602
2602
2604
2606
2606
2607
2611
2612
2616
2617
2618
2618
2627
2630
2637
2637
2637
2638
2640
2641
2643
2645
2646
2652
2653
2660
2665
2666
2666
2666
2667
2667
2671
2672
2676
2680
2682
2682
2684
2687
2690
2696
2700
2702
2703
2706
2706
2707
2709
2709
2710
2711
2712
2713
2714
2715
2717
2718
2719
2719
2720
2722
2724
2725
2731
2734
2737
2737
2743
2745
2746
2747
2749
2752
2752
2753
2754
2754
2755
2758
2758
2765
2766
2769
2769
2771
2776
2776
2779
2779
2781
2782
2787
2788
2789
2792
2794
2800
2802
2805
2807
2807
2809
2810
2813
2824
2825
2833
2835
2842
2842
2852
2856
2857
2857
2857
2858
2859
2861
2862
2865
2866
2867
2867
2869
2869
2872
2872
2873
2876
2878
2879
2882
2886
2887
2890
2891
2893
2895
2896
2897
2899
2901
2911
2912
2913
2915
2916
2917
2920
2923
2928
2929
2929
2933
2939
2939
2939
2943
2943
2944
2946
2951
2953
2955
2956
2959
2963
2963
2964
2964
2969
2985
2985
2986
2990
2991
2996
2996
2997
3002
3004
3006
3006
3007
3012
3013
3014
3014
3016
3020
3023
3023
3023
3027
3028
3033
3033
3035
3035
3035
3038
3044
3049
3050
3050
3053
3055
3062
3076
3085
3086
3086
3091
3094
3095
3095
3096
3097
3098
3100
3104
3105
3105
3107
3112
3115
3117
3117
3118
3118
3120
3120
3126
3128
3131
3132
3135
3136
3143
3144
3144
3148
3150
3152
3154
3169
3170
3170
3173
3185
3189
3189
3192
3193
3195
3199
3200
3201
3202
3203
3203
3207
3219
3221
3222
3233
3238
3241
3243
3247
3247
3248
3252
3256
3256
3256
3257
3259
3260
3267
3267
3269
3274
3275
3276
3276
3284
3285
3287
3287
3288
3289
3290
3292
3293
3298
3299
3300
3302
3303
3307
3308
3311
3311
3312
3312
3318
3321
3321
3323
3323
3326
3327
3329
3331
3337
3339
3339
3340
3348
3348
3349
3350
3356
3356
3360
3362
3367
3370
3390
3391
3392
3392
3392
3394
3396
3397
3399
3403
3403
3404
3408
3410
3412
3413
3423
3428
3430
3432
3433
3435
3437
3439
3440
3444
3457
3467
3472
3475
3477
3478
3484
3487
3487
3490
3493
3496
3500
3500
3501
3511
3515
3521
3521
3521
3525
3525
3529
3533
3533
3536
3541
3554
3557
3559
3564
3574
3579
3583
3586
3590
3590
3591
3595
3605
3610
3612
3613
3623
3626
3641
3645
3646
3652
3654
3655
3659
3664
3670
3671
3672
3675
3677
3684
3685
3685
3690
3691
3693
3695
3701
3704
3709
3710
3715
3718
3718
3722
3723
3725
3734
3747
3752
3754
3754
3755
3757
3763
3763
3775
3776
3778
3781
3782
3785
3786
3786
3787
3788
3793
3800
3805
3808
3811
3812
3824
3824
3824
3825
3826
3828
3835
3836
3837
3839
3843
3849
3858
3860
3864
3866
3870
3875
3876
3879
3880
3882
3883
3884
3886
3887
3897
3898
3911
3912
3914
3917
3918
3920
3920
3921
3922
3947
3951
3953
3967
3978
3991
3991
3992
3993
3993
3994
3999
4003
4005
4007
4007
4008
4012
4013
4013
4015
4020
4029
4033
4037
4043
4043
4054
4055
4056
4056
4058
4062
4064
4068
4068
4084
4086
4090
4092
4104
4107
4109
4109
4114
4121
4122
4127
4133
4144
4145
4147
4147
4150
4157
4164
4168
4169
4173
4174
4188
4200
4204
4214
4215
4215
4216
4219
4223
4225
4228
4243
4251
4253
4255
4259
4262
4263
4263
4269
4275
4282
4285
4300
4300
4302
4308
4320
4324
4324
4332
4332
4341
4341
4342
4344
4347
4353
4356
4359
4362
4362
4363
4365
4369
4370
4372
4372
4380
4380
4381
4383
4399
4405
4407
4408
4413
4413
4440
4447
4449
4460
4466
4468
4469
4470
4487
4489
4502
4511
4513
4516
4518
4518
4522
4522
4524
4528
4529
4531
4537
4539
4541
4549
4551
4569
4570
4571
4575
4578
4586
4590
4591
4594
4594
4597
4602
4610
4615
4616
4616
4617
4629
4631
4636
4641
4644
4657
4662
4674
4677
4678
4682
4684
4685
4686
4695
4695
4696
4702
4710
4712
4716
4717
4720
4727
4731
4743
4752
4753
4757
4763
4774
4778
4787
4796
4797
4815
4820
4822
4823
4824
4824
4829
4835
4836
4840
4845
4846
4868
4868
4883
4886
4888
4900
4904
4906
4907
4933
4937
4937
4946
4950
4960
4963
4964
4968
4976
4982
4983
4987
4991
4999
5003
5004
5008
5008
5011
5024
5037
5037
5049
5051
5054
5055
5064
5069
5081
5082
5090
5095
5105
5116
5117
5119
5123
5135
5138
5145
5146
5151
5167
5172
5173
5176
5176
5177
5181
5185
5194
5201
5213
5219
5222
5229
5239
5240
5247
5253
5255
5262
5268
5272
5274
5298
5301
5303
5313
5316
5316
5319
5327
5330
5334
5345
5355
5360
5372
5377
5377
5380
5382
5382
5383
5390
5406
5412
5412
5415
5420
5420
5428
5442
5445
5449
5450
5455
5472
5472
5476
5478
5486
5489
5491
5495
5495
5501
5508
5513
5517
5525
5529
5529
5542
5546
5549
5553
5561
5563
5576
5599
5602
5605
5606
5623
5624
5629
5643
5646
5670
5687
5687
5693
5702
5711
5712
5715
5718
5733
5745
5761
5767
5769
5775
5782
5793
5803
5807
5816
5818
5828
5837
5844
5847
5855
5865
5870
5871
5872
5877
5881
5884
5887
5894
5902
5903
5904
5907
5910
5910
5911
5921
5922
5928
5941
5946
5947
5959
5966
5968
5970
5994
5996
5998
6019
6021
6024
6039
6039
6041
6051
6070
6072
6078
6080
6093
6094
6096
6096
6100
6103
6104
6110
6120
6120
6129
6134
6140
6140
6161
6165
6169
6191
6195
6206
6208
6210
6214
6227
6227
6239
6245
6258
6264
6289
6302
6305
6307
6308
6312
6312
6314
6321
6322
6328
6336
6342
6351
6367
6369
6371
6380
6395
6396
6398
6403
6403
6408
6411
6413
6415
6418
6433
6443
6458
6473
6473
6475
6476
6486
6488
6490
6492
6499
6509
6509
6512
6528
6554
6559
6564
6565
6566
6580
6597
6603
6635
6635
6645
6652
6663
6666
6667
6675
6677
6691
6726
6740
6741
6752
6762
6765
6768
6781
6787
6798
6799
6810
6811
6819
6862
6865
6865
6873
6876
6879
6897
6927
6931
6966
6983
6989
7008
7017
7018
7022
7024
7044
7048
7051
7062
7091
7093
7096
7117
7128
7137
7141
7158
7159
7160
7161
7163
7163
7165
7166
7193
7240
7246
7267
7269
7273
7276
7290
7300
7307
7309
7311
7333
7352
7370
7371
7371
7373
7380
7400
7401
7429
7432
7476
7490
7492
7502
7512
7518
7520
7523
7543
7549
7554
7558
7559
7572
7581
7590
7593
7598
7604
7606
7609
7622
7634
7649
7658
7663
7663
7665
7667
7681
7704
7721
7724
7725
7731
7737
7759
7782
7811
7814
7827
7831
7849
7849
7852
7862
7864
7878
7888
7892
7902
7920
7935
7946
7976
7993
8038
8052
8057
8103
8153
8156
8169
8181
8190
8196
8199
8222
8224
8232
8234
8260
8260
8261
8263
8276
8279
8283
8285
8286
8299
8321
8363
8372
8383
8397
8401
8406
8412
8462
8476
8497
8503
8515
8518
8518
8521
8525
8528
8541
8547
8549
8550
8555
8579
8595
8634
8635
8708
8730
8743
8762
8762
8776
8792
8793
8797
8826
8837
8843
8851
8867
8874
8900
8904
8908
8917
8919
8951
8953
8961
8979
8979
9025
9047
9115
9125
9134
9139
9176
9180
9209
9230
9250
9261
9269
9271
9276
9311
9314
9336
9337
9354
9354
9374
9415
9418
9451
9464
9485
9508
9515
9525
9527
9536
9558
9573
9579
9580
9590
9591
9592
9609
9624
9628
9645
9654
9658
9658
9671
9693
9696
9699
9721
9741
9764
9820
9846
9857
9867
9868
9874
9877
9878
9895
9909
9924
9944
9957
10005
10006
10031
10101
10118
10119
10121
10131
10132
10134
10147
10148
10152
10170
10175
10183
10194
10213
10238
10258
10263
10310
10320
10321
10325
10335
10371
10405
10413
10423
10472
10475
10479
10490
10497
10521
10522
10532
10535
10536
10551
10565
10613
10617
10619
10622
10636
10646
10712
10743
10787
10807
10821
10840
10844
10844
10868
10901
10938
10962
10998
11003
11023
11029
11032
11035
11048
11089
11099
11140
11146
11186
11238
11238
11245
11250
11264
11323
11329
11444
11447
11493
11515
11518
11520
11521
11550
11592
11597
11602
11627
11681
11691
11749
11792
11828
11905
11919
11939
11978
12005
12025
12059
12080
12087
12103
12122
12135
12146
12172
12174
12233
12322
12361
12398
12400
12411
12415
12450
12451
12469
12473
12480
12502
12566
12616
12631
12690
12692
12725
12769
12781
12819
12832
12834
12868
12883
12897
12902
12915
12921
12951
12993
13028
13059
13071
13087
13099
13100
13104
13108
13124
13157
13163
13178
13188
13219
13240
13240
13273
13284
13300
13324
13341
13341
13448
13463
13486
13498
13507
13520
13568
13592
13620
13632
13656
13690
13700
13707
13743
13747
13747
13800
13800
13942
13980
14032
14041
14333
14341
14362
14383
14414
14544
14677
14787
14862
14914
14928
14939
14952
15023
15034
15050
15067
15141
15145
15242
15373
15406
15429
15430
15432
15465
15604
15611
15745
15796
15843
15958
16009
16021
16038
16063
16084
16185
16185
16187
16213
16240
16315
16332
16344
16344
16397
16463
16515
16523
16567
16573
16674
16770
16780
16795
16848
16866
16892
16924
16942
17103
17105
17138
17148
17212
17539
17580
17615
17664
17677
17802
18005
18038
18041
18053
18060
18194
18413
18428
18459
18510
18517
18525
18585
18617
18663
18682
18697
18742
18774
18832
18921
19194
19278
19334
19354
19445
19592
19697
19707
19714
19903
20084
20100
20158
20192
20341
20397
20509
20514
20527
20601
20794
20837
20912
21056
21267
21320
21324
21351
21483
21515
21603
21624
21679
21689
21708
21741
21749
21789
22118
22147
22343
22702
22748
22831
22987
22997
23043
23215
23433
23744
23827
23890
23975
24006
24042
24380
24595
24854
25483
25868
25891
26057
26391
26852
26984
27471
27667
27759
27795
29366
30353
30766
30793
30824
30899
30944
31020
31072
31099
31264
31291
31947
33659
33780
34204
34256
34575
34929
35099
35171
36040
36373
36471
38095
38965
39240
39591
44515
45885
46352
49302
49777
50845
51028
52040
54945
62785
69770
