






1
8
14
18
21
23
24
33
38
41
42
42
43
46
46
49
53
63
64
67
67
67
67
67
68
69
80
81
82
82
84
85
88
93
95
99
100
103
105
105
107
110
113
115
116
119
127
127
128
129
130
134
134
134
137
144
144
152
152
152
160
162
165
166
166
168
174
181
181
181
183
186
189
190
190
195
200
201
203
205
206
208
211
215
216
217
222
222
223
224
224
231
234
235
236
238
239
241
242
242
248
250
250
250
253
263
265
266
276
278
279
280
281
285
286
287
289
292
294
297
297
299
303
305
309
310
310
315
316
318
323
324
326
329
332
332
333
338
339
340
343
344
344
345
346
347
347
359
365
365
373
374
375
375
375
376
377
378
379
386
387
388
388
390
391
391
392
392
394
394
396
397
398
398
399
400
402
403
405
408
410
415
416
418
419
425
428
429
429
430
430
432
434
435
436
436
436
438
439
440
441
444
450
450
451
455
455
457
459
461
462
464
466
468
470
471
474
477
477
478
480
480
483
485
487
488
488
488
491
494
497
500
500
501
505
507
511
513
514
514
516
517
518
520
520
521
524
524
527
529
530
532
534
538
541
549
550
550
554
556
556
557
557
558
558
558
558
559
560
564
566
569
569
570
573
574
579
585
588
588
589
592
594
599
604
604
604
606
608
608
617
617
618
622
622
622
624
626
627
631
635
640
641
641
647
649
649
651
655
656
657
664
666
669
670
672
672
673
673
675
678
680
682
690
697
700
701
705
707
708
709
710
712
713
713
713
719
719
727
728
730
732
735
737
740
742
743
744
746
747
752
753
753
754
754
757
767
767
770
770
772
776
778
784
785
787
788
789
792
795
797
798
798
801
805
805
805
814
815
816
816
817
819
820
822
831
834
836
836
837
837
837
841
846
847
848
850
852
853
853
857
857
858
859
861
862
866
871
871
871
871
875
875
875
876
877
880
882
883
883
886
891
895
896
903
906
906
907
907
907
908
909
910
920
922
923
928
928
929
930
931
933
934
938
938
940
944
945
946
952
953
962
965
965
966
971
971
971
971
973
974
974
978
980
985
985
986
988
990
1001
1004
1006
1007
1010
1010
1012
1012
1013
1014
1018
1022
1026
1031
1032
1033
1034
1039
1039
1043
1045
1046
1047
1047
1048
1049
1051
1053
1056
1057
1057
1059
1059
1059
1061
1062
1062
1065
1067
1067
1070
1070
1071
1072
1073
1076
1078
1080
1080
1081
1083
1083
1089
1094
1097
1098
1102
1103
1105
1106
1111
1111
1113
1125
1129
1130
1131
1133
1143
1148
1157
1159
1164
1164
1167
1171
1172
1172
1177
1177
1180
1183
1183
1186
1193
1194
1194
1194
1195
1197
1204
1204
1215
1215
1216
1217
1220
1222
1223
1223
1226
1230
1237
1237
1238
1244
1244
1245
1249
1249
1250
1253
1255
1255
1260
1260
1262
1272
1275
1275
1276
1277
1278
1285
1285
1292
1294
1297
1298
1300
1304
1310
1314
1323
1326
1327
1330
1330
1336
1338
1341
1343
1344
1344
1346
1349
1350
1353
1359
1361
1365
1367
1371
1371
1373
1376
1379
1385
1387
1388
1390
1391
1392
1392
1394
1395
1397
1397
1398
1398
1398
1400
1406
1407
1407
1407
1408
1409
1411
1411
1413
1415
1418
1421
1423
1423
1425
1429
1433
1437
1437
1442
1447
1449
1449
1453
1456
1458
1458
1464
1470
1472
1475
1476
1476
1477
1483
1486
1487
1487
1490
1499
1501
1501
1503
1504
1505
1507
1507
1508
1510
1513
1513
1528
1530
1531
1532
1543
1547
1547
1549
1549
1551
1558
1558
1565
1567
1571
1574
1577
1578
1578
1579
1582
1587
1589
1592
1594
1602
1607
1610
1613
1614
1616
1616
1621
1624
1626
1626
1627
1634
1636
1637
1637
1638
1642
1659
1661
1667
1667
1667
1667
1673
1673
1675
1676
1676
1680
1680
1681
1683
1688
1695
1698
1698
1700
1709
1710
1710
1719
1720
1720
1721
1726
1728
1729
1734
1735
1749
1751
1754
1760
1760
1761
1763
1764
1765
1774
1779
1781
1781
1787
1788
1797
1799
1800
1803
1807
1808
1813
1813
1816
1818
1821
1821
1824
1827
1830
1834
1841
1849
1851
1853
1853
1857
1860
1865
1865
1866
1870
1875
1882
1884
1891
1891
1895
1898
1898
1899
1903
1904
1904
1906
1907
1917
1917
1919
1920
1923
1924
1925
1928
1929
1934
1934
1936
1937
1940
1958
1960
1962
1963
1967
1974
1981
1983
1987
1988
1989
1992
1996
1997
2000
2004
2005
2010
2014
2016
2022
2024
2025
2025
2025
2025
2028
2034
2035
2037
2037
2041
2042
2044
2045
2046
2050
2059
2064
2065
2065
2067
2073
2074
2082
2090
2090
2100
2100
2106
2107
2111
2111
2112
2117
2117
2126
2128
2132
2132
2149
2152
2152
2153
2154
2156
2159
2178
2179
2180
2180
2188
2193
2210
2214
2222
2222
2223
2234
2236
2236
2236
2237
2238
2245
2247
2251
2256
2256
2260
2260
2264
2273
2275
2281
2285
2285
2286
2291
2304
2309
2309
2313
2314
2315
2319
2319
2321
2325
2329
2329
2334
2337
2341
2343
2343
2343
2347
2351
2355
2360
2363
2364
2365
2369
2372
2381
2390
2394
2407
2411
2414
2418
2420
2425
2426
2427
2430
2444
2445
2446
2450
2453
2453
2456
2459
2463
2464
2466
2466
2469
2469
2473
2476
2480
2481
2482
2485
2489
2489
2490
2496
2497
2505
2512
2517
2523
2532
2537
2538
2538
2543
2544
2569
2575
2582
2582
2593
2597
2600
2600
2605
2620
2623
2625
2628
2634
2635
2641
2646
2647
2650
2653
2653
2658
2659
2664
2669
2683
2687
2689
2699
2702
2710
2722
2726
2734
2736
2740
2744
2748
2757
2757
2766
2781
2783
2784
2789
2790
2791
2791
2794
2794
2801
2802
2806
2809
2809
2812
2822
2828
2838
2844
2854
2856
2861
2875
2882
2882
2882
2885
2889
2890
2895
2895
2900
2905
2907
2908
2910
2920
2922
2923
2927
2929
2933
2935
2939
2947
2952
2953
2959
2961
2963
2964
2972
2973
2974
2983
2985
2988
2991
2997
2997
2998
3001
3011
3012
3015
3016
3018
3020
3027
3034
3041
3045
3047
3059
3062
3066
3066
3074
3076
3080
3081
3095
3097
3097
3103
3106
3108
3114
3122
3129
3129
3132
3133
3137
3147
3148
3153
3153
3162
3164
3168
3172
3173
3178
3182
3185
3186
3191
3192
3197
3201
3206
3211
3215
3226
3232
3233
3256
3262
3264
3264
3269
3271
3274
3279
3284
3305
3307
3312
3313
3315
3316
3319
3325
3328
3330
3341
3348
3349
3351
3352
3368
3371
3378
3380
3387
3392
3398
3400
3408
3408
3409
3419
3425
3429
3429
3433
3433
3434
3445
3445
3447
3452
3453
3453
3468
3472
3479
3484
3485
3487
3489
3492
3493
3498
3502
3502
3508
3509
3513
3517
3522
3531
3531
3533
3542
3550
3564
3566
3568
3576
3581
3588
3594
3595
3600
3601
3609
3610
3611
3617
3619
3632
3644
3647
3650
3651
3654
3658
3663
3665
3667
3668
3670
3682
3686
3702
3708
3711
3712
3719
3719
3731
3731
3733
3733
3734
3744
3751
3754
3755
3760
3767
3769
3770
3777
3777
3780
3794
3812
3814
3814
3817
3817
3822
3830
3832
3838
3841
3865
3865
3876
3891
3891
3895
3896
3902
3905
3907
3922
3924
3929
3931
3939
3942
3957
3961
3963
3963
3967
3967
3969
3972
3977
3979
3983
3986
3994
4001
4008
4017
4019
4032
4032
4044
4046
4046
4051
4061
4061
4062
4064
4065
4067
4075
4075
4078
4081
4087
4092
4096
4106
4110
4116
4120
4130
4149
4154
4157
4186
4193
4193
4200
4208
4211
4213
4216
4229
4235
4245
4246
4250
4253
4254
4258
4261
4264
4265
4268
4276
4303
4308
4316
4317
4322
4325
4339
4340
4341
4342
4343
4344
4345
4352
4357
4357
4358
4359
4370
4386
4387
4396
4397
4401
4408
4410
4410
4413
4413
4416
4416
4424
4429
4429
4439
4441
4469
4485
4489
4491
4494
4506
4509
4511
4514
4528
4532
4534
4534
4544
4551
4561
4563
4563
4564
4564
4568
4570
4571
4583
4592
4594
4602
4607
4623
4625
4635
4640
4643
4667
4672
4675
4691
4694
4699
4703
4704
4709
4716
4718
4720
4720
4728
4732
4734
4751
4752
4755
4759
4762
4765
4769
4772
4775
4776
4779
4781
4782
4783
4810
4820
4825
4826
4834
4843
4844
4846
4849
4850
4851
4868
4870
4875
4878
4882
4891
4897
4908
4916
4918
4919
4929
4942
4959
4966
4975
4975
4976
4979
4983
4983
4987
4996
4999
5012
5046
5047
5055
5057
5057
5060
5065
5084
5085
5087
5095
5104
5110
5116
5123
5126
5126
5127
5142
5146
5147
5150
5154
5164
5205
5207
5211
5215
5224
5226
5233
5241
5244
5246
5246
5253
5256
5262
5270
5276
5282
5290
5303
5305
5315
5321
5323
5329
5330
5333
5346
5361
5364
5371
5380
5389
5402
5404
5411
5412
5414
5414
5423
5427
5431
5436
5439
5449
5450
5460
5462
5465
5466
5477
5481
5485
5487
5489
5489
5492
5503
5513
5534
5537
5541
5542
5554
5560
5561
5566
5575
5576
5585
5587
5589
5616
5616
5626
5639
5648
5650
5657
5664
5676
5683
5687
5693
5695
5711
5714
5716
5717
5727
5740
5770
5770
5779
5782
5789
5790
5790
5793
5801
5803
5806
5807
5808
5813
5819
5824
5830
5833
5855
5859
5863
5876
5879
5883
5902
5913
5923
5923
5930
5934
5940
5955
5956
5961
5962
5962
5963
5972
5975
5989
5991
5995
5998
6026
6028
6029
6038
6040
6049
6060
6061
6090
6092
6093
6100
6109
6112
6114
6116
6124
6129
6130
6132
6145
6167
6169
6170
6180
6184
6197
6212
6212
6214
6237
6238
6242
6246
6251
6262
6263
6283
6285
6293
6299
6299
6303
6310
6322
6332
6338
6350
6360
6366
6370
6379
6383
6383
6387
6392
6402
6406
6410
6420
6426
6463
6471
6490
6490
6491
6494
6494
6495
6507
6515
6519
6526
6526
6537
6540
6548
6555
6560
6563
6566
6572
6579
6590
6593
6603
6603
6608
6616
6619
6620
6625
6625
6632
6653
6666
6671
6677
6683
6697
6698
6702
6708
6718
6732
6756
6762
6780
6797
6800
6801
6808
6824
6824
6825
6844
6844
6847
6851
6854
6859
6864
6866
6871
6879
6889
6895
6896
6897
6943
6948
6952
6955
6963
6985
6988
6996
7010
7013
7075
7079
7096
7114
7120
7124
7131
7133
7135
7146
7152
7180
7186
7197
7215
7218
7228
7228
7257
7264
7273
7274
7276
7289
7290
7348
7351
7357
7368
7379
7386
7402
7405
7408
7412
7453
7457
7460
7471
7481
7483
7497
7504
7508
7521
7521
7526
7538
7548
7548
7558
7564
7582
7590
7601
7611
7615
7649
7651
7670
7670
7673
7675
7675
7677
7694
7706
7710
7713
7720
7732
7733
7735
7763
7784
7809
7831
7848
7855
7859
7861
7870
7876
7907
7935
7940
7942
7947
7947
7949
7951
7961
7966
7977
7977
7978
7999
8011
8015
8019
8030
8042
8056
8061
8089
8100
8110
8126
8138
8146
8154
8159
8167
8168
8191
8197
8220
8223
8260
8266
8276
8276
8294
8301
8337
8339
8368
8406
8409
8416
8422
8428
8431
8461
8479
8499
8500
8503
8524
8533
8561
8564
8569
8575
8587
8601
8627
8634
8635
8646
8652
8655
8657
8686
8734
8755
8768
8778
8780
8780
8802
8836
8869
8883
8885
8910
8917
8924
8936
8942
8968
8975
8975
8984
9045
9061
9065
9070
9085
9095
9098
9124
9131
9139
9145
9155
9161
9166
9181
9191
9207
9228
9233
9248
9282
9283
9300
9304
9306
9322
9341
9358
9363
9364
9417
9421
9426
9456
9471
9480
9489
9491
9511
9513
9542
9555
9573
9574
9579
9628
9675
9688
9696
9737
9745
9747
9755
9772
9783
9802
9816
9821
9896
9949
9955
9965
9970
9972
9974
10017
10035
10051
10109
10112
10134
10192
10206
10221
10239
10245
10263
10277
10281
10295
10298
10307
10307
10310
10310
10321
10324
10327
10341
10420
10454
10472
10476
10507
10513
10567
10573
10583
10608
10618
10624
10653
10693
10713
10718
10724
10811
10840
10845
10866
10922
10923
10936
10951
10994
11021
11057
11073
11078
11099
11110
11114
11116
11120
11125
11168
11188
11261
11269
11285
11310
11310
11312
11322
11327
11327
11336
11380
11387
11390
11393
11395
11395
11398
11399
11430
11437
11441
11458
11464
11495
11496
11513
11516
11544
11547
11554
11566
11605
11608
11609
11630
11635
11671
11678
11687
11691
11696
11739
11743
11748
11779
11787
11808
11815
11870
11887
11907
11942
11964
11999
12012
12017
12021
12022
12033
12089
12089
12106
12166
12166
12190
12190
12219
12235
12241
12298
12309
12345
12364
12380
12409
12439
12439
12459
12474
12478
12529
12558
12560
12575
12585
12600
12616
12621
12623
12630
12696
12727
12756
12761
12799
12807
12807
12813
12814
12818
12840
12860
12868
12870
12875
12900
12922
12947
12974
12999
13000
13045
13059
13065
13102
13104
13115
13137
13149
13151
13173
13205
13223
13230
13263
13272
13311
13324
13324
13340
13345
13355
13360
13374
13379
13407
13408
13460
13488
13509
13545
13549
13584
13593
13595
13602
13612
13622
13627
13633
13637
13640
13666
13678
13681
13695
13710
13733
13749
13786
13823
13854
13860
13898
13964
14046
14069
14080
14108
14118
14121
14151
14187
14204
14240
14253
14281
14317
14321
14346
14434
14435
14449
14482
14506
14520
14568
14579
14589
14613
14626
14700
14711
14722
14726
14739
14772
14796
14799
14808
14818
14848
14891
14896
14922
14933
14944
14978
15045
15050
15051
15068
15100
15132
15138
15142
15147
15223
15238
15244
15290
15295
15301
15303
15306
15309
15417
15456
15481
15519
15537
15585
15611
15617
15637
15672
15673
15680
15740
15752
15778
15784
15800
15818
15840
15878
15904
15911
15914
15915
15930
15944
15971
15980
15998
16007
16020
16054
16088
16094
16115
16118
16124
16167
16244
16289
16292
16294
16334
16346
16360
16442
16491
16492
16499
16517
16541
16607
16609
16709
16717
16754
16762
16794
16835
16841
16884
16909
16994
16997
17002
17053
17068
17093
17119
17157
17158
17162
17217
17218
17228
17233
17261
17267
17330
17351
17431
17486
17496
17541
17548
17584
17633
17692
17717
17735
17745
17779
17804
17847
17860
17869
17881
17907
17909
17935
17938
17943
17949
17956
18034
18064
18083
18151
18160
18227
18245
18298
18310
18399
18406
18431
18441
18458
18477
18484
18487
18503
18507
18509
18542
18563
18570
18613
18625
18629
18629
18636
18658
18675
18697
18703
18786
18790
18808
18844
18858
18887
18888
18934
18944
19019
19031
19070
19088
19094
19114
19139
19159
19298
19321
19350
19366
19392
19409
19411
19416
19470
19483
19490
19542
19669
19682
19685
19695
19744
19748
19769
19773
19791
19822
19830
19835
19838
19842
19857
19940
19950
19960
20065
20086
20157
20158
20182
20260
20292
20377
20377
20441
20515
20564
20578
20594
20595
20643
20725
20729
20746
20776
20865
20900
20909
20921
20956
20969
20997
21025
21062
21074
21087
21108
21149
21168
21216
21256
21275
21288
21314
21320
21428
21438
21545
21716
21802
21810
21847
21888
21919
21923
21948
21981
22033
22113
22113
22125
22126
22135
22156
22187
22232
22323
22328
22350
22356
22372
22509
22696
22719
22759
22807
22864
22900
22910
23002
23178
23219
23257
23281
23316
23328
23379
23390
23467
23476
23483
23510
23551
23602
23615
23658
23679
23691
23748
23766
23777
23884
23935
23989
24011
24020
24026
24032
24147
24158
24184
24223
24245
24284
24332
24438
24495
24514
24544
24598
24635
24707
24839
25016
25074
25094
25161
25395
25403
25421
25816
25867
25975
26105
26185
26280
26486
26660
26771
26776
26967
27125
27216
27221
27387
27389
27450
27526
27663
27755
28036
28503
28597
28737
28756
28772
28919
28922
29530
29636
29803
29894
29895
29990
30013
30112
30185
30275
30329
30332
30352
30368
30523
30663
30711
30741
31001
31031
31048
31092
31143
31180
31355
31507
31656
31658
31703
31896
31979
32104
32131
32404
32628
32639
32696
32733
32759
32996
33003
33108
33147
33273
33354
33407
33462
33462
33564
33676
33681
33737
33750
33844
33956
34030
34117
34141
34158
34238
34311
34373
34384
34428
34433
35101
35253
35277
35350
35423
35459
35544
35563
35645
35664
35869
36529
36669
36972
36973
37402
37429
37680
37791
37851
37917
38000
38065
38139
38336
38530
38536
39074
39159
39372
39455
39487
39600
39664
39697
39789
39948
39981
40049
40138
40269
40429
40662
40671
40745
40796
40908
41076
41095
41104
41140
41199
41353
41427
41447
41458
41538
41605
41684
41767
41995
42039
42095
42159
42253
42329
42386
42412
42444
42557
42590
42683
42702
42789
42802
42923
42938
42952
42953
43060
43238
43324
43419
43542
43586
43709
44033
44462
44467
44697
44718
44829
44887
44890
45104
45178
45257
45320
45341
45371
45371
45484
45573
45752
45761
45865
45946
46022
46113
46229
46461
46704
46809
46831
47010
47081
47111
47556
47667
47759
47993
48141
48188
48234
48245
48505
48602
48649
48686
48809
48888
49201
49359
49401
49565
49747
49849
49862
49889
49942
49952
50039
50057
50141
50218
50238
50361
50370
50385
50406
50437
50560
50594
50675
50738
50884
50930
51056
51109
51510
52009
52553
53280
54409
54726
54917
55511
55530
55630
55741
55803
55922
56089
56449
56647
58921
59196
59653
60185
61145
61963
62278
62446
62858
63035
63287
64240
64873
65159
65789
65899
66285
67206
67750
67841
68634
73185
74261
75006
77173
79162
79630
82362
82900
84559
85730
87628
87938
88386
88649
88805
88922
88983
89198
89272
89467
89669
90209
90800
91099
91200
92113
92855
93307
93509
95607
