10
13
27
28
31
42
47
47
50
50
55
58
61
63
64
76
80
81
86
87
91
92
94
97
98
104
110
115
120
124
131
133
142
144
147
147
148
150
156
172
172
177
181
184
184
185
197
200
208
208
208
209
212
227
230
233
234
236
241
244
249
252
259
259
261
263
265
278
285
286
293
294
297
299
321
324
324
326
337
339
344
353
355
359
362
365
365
375
382
386
390
394
403
412
416
422
426
426
427
428
428
428
428
434
440
443
445
446
447
452
455
456
456
458
461
463
466
467
473
473
474
475
476
479
480
480
486
488
489
490
497
504
509
524
526
528
529
530
534
537
542
543
556
557
562
563
564
565
566
567
567
567
568
572
576
577
578
583
588
589
591
592
598
600
607
609
613
613
615
618
623
623
629
630
632
650
656
656
656
660
661
667
669
682
689
692
700
701
707
712
713
720
724
728
732
734
735
738
739
743
752
758
763
763
768
779
784
791
792
795
796
796
801
803
806
807
809
816
818
821
823
827
836
843
844
845
848
850
850
852
853
861
865
869
871
872
873
879
879
895
899
904
909
909
920
922
923
924
925
926
932
932
946
953
954
955
959
960
987
1000
1004
1005
1010
1021
1031
1032
1035
1036
1042
1043
1046
1053
1055
1055
1064
1064
1069
1071
1071
1075
1080
1091
1097
1099
1100
1104
1106
1107
1113
1118
1120
1121
1121
1124
1125
1126
1127
1128
1140
1142
1143
1144
1150
1150
1152
1156
1159
1159
1159
1162
1163
1167
1175
1176
1180
1181
1182
1182
1183
1185
1185
1186
1188
1197
1204
1212
1213
1213
1216
1220
1225
1234
1238
1239
1240
1241
1241
1245
1246
1246
1249
1264
1267
1268
1271
1272
1278
1278
1280
1281
1292
1295
1296
1301
1303
1304
1305
1307
1310
1312
1316
1322
1327
1329
1339
1339
1342
1343
1345
1354
1355
1358
1361
1362
1379
1381
1381
1389
1401
1402
1406
1408
1411
1413
1416
1416
1420
1420
1420
1425
1428
1429
1437
1439
1441
1446
1447
1452
1458
1459
1461
1461
1461
1461
1464
1468
1469
1471
1476
1487
1492
1493
1494
1495
1499
1508
1522
1525
1528
1536
1540
1541
1545
1556
1557
1559
1560
1560
1562
1563
1565
1568
1574
1576
1578
1593
1594
1601
1608
1618
1620
1622
1628
1629
1637
1641
1649
1655
1661
1661
1666
1669
1671
1681
1690
1700
1715
1718
1723
1728
1729
1734
1737
1741
1750
1752
1756
1765
1790
1791
1791
1796
1798
1798
1805
1820
1827
1828
1832
1834
1839
1842
1844
1848
1850
1854
1856
1861
1863
1865
1866
1879
1879
1887
1888
1891
1904
1914
1914
1915
1919
1929
1932
1935
1942
1956
1957
1957
1964
1965
1975
1975
1985
1986
1989
1991
1992
1995
2012
2014
2016
2018
2022
2037
2037
2043
2045
2045
2052
2053
2054
2059
2066
2070
2070
2079
2084
2088
2095
2097
2099
2103
2103
2106
2108
2109
2116
2119
2127
2133
2137
2147
2148
2156
2158
2162
2166
2171
2176
2177
2178
2183
2186
2190
2198
2201
2203
2213
2218
2226
2230
2230
2233
2237
2243
2245
2247
2247
2250
2255
2263
2265
2267
2269
2275
2276
2285
2295
2303
2306
2311
2311
2316
2320
2325
2325
2337
2339
2340
2348
2352
2353
2353
2364
2369
2372
2375
2376
2377
2378
2381
2387
2391
2395
2412
2412
2413
2416
2420
2421
2422
2427
2443
2451
2454
2456
2459
2459
2465
2478
2481
2488
2488
2491
2491
2491
2492
2493
2494
2495
2509
2511
2527
2531
2534
2540
2543
2544
2545
2554
2569
2574
2578
2586
2589
2590
2598
2603
2605
2606
2613
2633
2642
2660
2661
2663
2666
2666
2669
2676
2677
2677
2680
2684
2684
2692
2694
2702
2714
2719
2722
2729
2737
2737
2742
2745
2752
2755
2759
2761
2762
2777
2779
2781
2782
2784
2785
2788
2797
2807
2817
2820
2821
2824
2826
2833
2838
2841
2846
2862
2864
2878
2879
2882
2884
2884
2885
2887
2889
2890
2896
2898
2898
2906
2908
2915
2916
2924
2929
2933
2934
2936
2964
2977
2977
2988
2992
2992
2992
2994
3001
3006
3008
3018
3019
3020
3029
3030
3030
3033
3041
3047
3049
3064
3064
3067
3086
3088
3091
3092
3094
3095
3096
3114
3114
3116
3120
3128
3147
3159
3164
3173
3181
3186
3187
3192
3194
3197
3204
3204
3208
3209
3215
3217
3218
3224
3228
3228
3234
3237
3241
3241
3248
3262
3263
3266
3268
3268
3268
3271
3272
3276
3277
3281
3298
3302
3302
3304
3305
3308
3309
3322
3326
3326
3327
3331
3331
3359
3366
3366
3370
3370
3372
3373
3376
3377
3379
3390
3394
3396
3397
3398
3399
3412
3415
3417
3420
3449
3450
3457
3459
3462
3463
3464
3475
3484
3486
3489
3493
3497
3502
3502
3506
3513
3518
3527
3530
3530
3531
3539
3555
3561
3562
3568
3573
3582
3586
3602
3604
3611
3613
3624
3631
3633
3645
3648
3649
3652
3652
3655
3665
3666
3669
3673
3681
3691
3692
3705
3705
3723
3726
3735
3746
3752
3753
3757
3766
3769
3777
3782
3785
3787
3788
3795
3806
3806
3815
3816
3822
3829
3837
3840
3851
3853
3854
3858
3860
3861
3866
3869
3888
3905
3908
3909
3910
3912
3918
3919
3922
3924
3933
3934
3942
3946
3946
3949
3954
3954
3956
3959
3960
3967
3970
3976
3990
3993
4000
4001
4024
4029
4035
4041
4042
4049
4053
4054
4057
4068
4069
4078
4084
4086
4099
4100
4101
4103
4125
4135
4142
4155
4157
4167
4172
4173
4174
4205
4206
4223
4225
4232
4255
4258
4263
4266
4288
4293
4309
4309
4333
4339
4351
4366
4381
4383
4396
4406
4416
4416
4422
4431
4453
4454
4477
4496
4500
4506
4507
4521
4527
4535
4536
4548
4558
4559
4559
4566
4575
4577
4581
4588
4589
4593
4599
4638
4640
4642
4665
4691
4701
4724
4731
4738
4745
4764
4768
4771
4803
4804
4807
4808
4812
4823
4833
4833
4834
4838
4839
4844
4845
4859
4865
4865
4865
4868
4879
4883
4887
4903
4907
4908
4919
4925
4926
4930
4937
4939
4945
4947
4949
4951
4955
4956
4987
4998
5001
5013
5016
5016
5023
5024
5030
5042
5061
5073
5074
5085
5089
5094
5094
5094
5102
5112
5118
5119
5126
5132
5146
5148
5154
5159
5165
5168
5171
5201
5207
5208
5218
5219
5229
5231
5236
5252
5258
5276
5284
5289
5292
5307
5312
5320
5323
5326
5327
5336
5337
5344
5363
5365
5374
5383
5384
5397
5415
5419
5419
5426
5429
5429
5449
5468
5470
5480
5502
5508
5520
5522
5529
5530
5532
5577
5600
5604
5627
5634
5640
5646
5655
5655
5678
5690
5692
5700
5713
5732
5739
5742
5745
5751
5753
5760
5761
5761
5763
5765
5767
5774
5779
5792
5796
5798
5799
5807
5812
5827
5847
5849
5863
5868
5872
5878
5879
5895
5896
5902
5937
5949
5953
5955
5958
5966
5966
5978
5983
5994
5996
5997
5997
6010
6012
6018
6023
6026
6040
6047
6057
6062
6076
6078
6087
6134
6135
6136
6153
6155
6204
6205
6214
6214
6223
6236
6239
6249
6287
6304
6305
6306
6318
6322
6327
6330
6332
6335
6352
6367
6401
6408
6410
6421
6437
6441
6444
6461
6468
6476
6479
6484
6497
6498
6502
6511
6523
6525
6530
6563
6565
6569
6579
6587
6596
6598
6599
6612
6614
6617
6628
6631
6639
6641
6653
6670
6677
6677
6722
6731
6737
6748
6748
6764
6773
6773
6788
6805
6810
6814
6831
6833
6839
6875
6879
6891
6895
6898
6911
6916
6924
6931
6949
6962
6978
6980
6985
7012
7012
7014
7026
7026
7026
7033
7039
7051
7054
7059
7060
7106
7109
7118
7125
7190
7191
7214
7219
7228
7229
7230
7238
7240
7242
7244
7290
7311
7320
7334
7340
7350
7352
7357
7370
7401
7406
7421
7443
7446
7477
7482
7483
7485
7503
7516
7517
7522
7550
7567
7574
7579
7580
7581
7590
7593
7608
7609
7617
7635
7663
7684
7696
7740
7744
7746
7749
7750
7759
7760
7769
7776
7780
7782
7795
7805
7807
7812
7813
7820
7826
7833
7854
7864
7897
7904
7921
7928
7932
7940
7943
7944
7961
7962
7964
7970
7979
7981
8059
8063
8093
8094
8098
8100
8113
8122
8126
8135
8142
8144
8152
8166
8174
8187
8208
8231
8242
8242
8262
8301
8305
8317
8338
8359
8360
8368
8368
8401
8424
8428
8439
8452
8473
8481
8494
8502
8516
8522
8526
8533
8540
8545
8558
8558
8586
8593
8602
8612
8613
8628
8634
8644
8646
8660
8660
8662
8670
8672
8681
8713
8718
8735
8737
8747
8765
8773
8792
8793
8794
8800
8805
8815
8847
8867
8875
8876
8898
8900
8905
8908
8908
8909
8917
8919
8921
8923
8934
8936
8987
9007
9012
9021
9041
9041
9052
9055
9061
9076
9080
9104
9130
9143
9179
9179
9184
9225
9232
9234
9258
9263
9297
9311
9319
9331
9333
9335
9353
9357
9397
9416
9436
9454
9458
9493
9505
9505
9528
9564
9599
9627
9647
9665
9665
9668
9671
9682
9694
9720
9724
9726
9770
9771
9777
9782
9792
9793
9798
9812
9824
9833
9840
9852
9858
9860
9869
9881
9902
9914
9942
9968
9986
9998
10020
10052
10088
10098
10105
10116
10125
10129
10131
10151
10155
10168
10178
10179
10179
10199
10208
10214
10215
10216
10255
10270
10273
10277
10298
10301
10327
10339
10356
10361
10396
10413
10414
10419
10432
10432
10433
10467
10497
10497
10523
10527
10572
10581
10588
10614
10617
10624
10635
10644
10657
10666
10686
10705
10711
10717
10720
10743
10759
10760
10786
10803
10820
10822
10833
10836
10873
10896
10926
10947
10950
10959
10974
10985
10989
10990
11006
11007
11008
11009
11010
11019
11036
11036
11088
11088
11095
11107
11112
11121
11142
11188
11190
11190
11215
11221
11234
11243
11262
11295
11295
11330
11334
11340
11355
11369
11381
11394
11435
11436
11447
11457
11473
11477
11481
11485
11492
11500
11518
11520
11543
11551
11575
11603
11616
11623
11641
11648
11659
11660
11667
11684
11691
11692
11709
11720
11750
11781
11815
11823
11829
11878
11932
11965
12001
12002
12006
12029
12066
12074
12113
12126
12155
12167
12183
12197
12197
12210
12221
12232
12238
12271
12272
12272
12308
12333
12336
12394
12403
12451
12452
12485
12529
12537
12563
12567
12570
12586
12597
12614
12621
12626
12632
12638
12657
12670
12701
12726
12742
12759
12768
12775
12781
12791
12801
12822
12850
12925
12928
12930
12996
13044
13068
13068
13070
13099
13103
13107
13120
13157
13208
13226
13254
13261
13277
13287
13294
13303
13312
13321
13336
13349
13392
13411
13415
13454
13461
13462
13468
13473
13477
13481
13499
13510
13514
13515
13527
13545
13602
13693
13722
13744
13763
13787
13791
13874
13885
13914
13924
13932
13935
13943
13957
13961
14012
14049
14067
14090
14102
14129
14192
14201
14212
14222
14274
14277
14280
14339
14393
14446
14489
14497
14497
14506
14507
14535
14585
14593
14670
14674
14704
14734
14742
14748
14750
14771
14776
14831
14869
14891
14904
14908
14966
14968
14983
15003
15020
15037
15123
15135
15149
15162
15182
15219
15233
15265
15414
15424
15476
15538
15579
15601
15655
15677
15746
15747
15803
15858
15863
15876
15888
15904
15920
16050
16054
16057
16112
16129
16187
16201
16205
16245
16258
16309
16312
16322
16339
16493
16550
16590
16599
16621
16655
16677
16682
16739
16748
16753
16818
16875
16948
16949
16975
16980
17034
17102
17109
17135
17136
17160
17183
17186
17257
17285
17300
17319
17355
17365
17367
17386
17406
17415
17463
17489
17507
17576
17598
17654
17698
17708
17742
17757
17758
17770
17828
17851
17873
17883
17901
17915
17917
17923
17936
17959
18004
18032
18057
18084
18086
18115
18126
18137
18187
18209
18307
18324
18354
18356
18399
18430
18458
18459
18468
18520
18555
18669
18695
18706
18717
18747
18778
18835
18858
18865
18867
18885
18929
18962
18990
19058
19061
19077
19088
19096
19120
19142
19200
19233
19241
19252
19267
19272
19278
19337
19353
19374
19425
19433
19435
19438
19507
19535
19550
19578
19592
19644
19663
19673
19685
19696
19704
19709
19758
19763
19824
19825
19838
19862
19883
19894
19927
19936
19937
19961
19971
20012
20032
20100
20101
20105
20173
20225
20237
20250
20331
20340
20351
20369
20384
20400
20440
20493
20494
20527
20534
20540
20555
20648
20656
20732
20734
20738
20768
20829
20876
20932
21019
21104
21130
21167
21189
21191
21259
21351
21359
21488
21497
21664
21756
21831
21857
21874
21913
21961
21981
22012
22018
22055
22111
22139
22148
22158
22168
22223
22448
22461
22465
22532
22587
22619
22629
22709
22729
22733
22743
22791
22908
22918
23020
23023
23028
23071
23153
23160
23166
23197
23210
23210
23252
23264
23314
23358
23431
23434
23445
23468
23469
23486
23530
23657
23736
23769
23811
23824
23825
23925
23982
24015
24114
24127
24222
24235
24243
24315
24321
24351
24392
24409
24440
24483
24505
24562
24566
24598
24615
24660
24753
24757
24815
24973
24989
25131
25210
25351
25397
25426
25502
25535
25602
25624
25693
25697
25824
25921
25940
25974
26036
26040
26054
26063
26096
26135
26164
26198
26350
26362
26362
26556
26572
26697
26755
26774
26874
26894
26908
26999
27027
27078
27204
27252
27269
27271
27274
27411
27649
27658
27682
27785
27787
27808
27981
28046
28128
28304
28484
28698
28720
28782
28792
28977
29053
29222
29457
29604
29694
30359
30591
31142
31358
32484
32786
32951
33114
33292
33437
33867
33912
33994
34278
34289
34330
34551
34718
34779
34982
35447
35671
35773
35973
36097
36488
36878
36953
36961
37200
37439
37476
37638
37723
37744
37946
37956
38147
38274
38296
38742
38857
39081
39406
39689
39778
39822
39880
40036
40114
40142
40325
40380
40613
40761
40784
40916
40995
41048
41076
41163
41411
41487
41523
41681
41787
41791
41867
42052
42097
42166
42180
42375
42464
42614
42810
42872
43034
43044
43143
43204
43361
43419
43493
43560
43689
43722
43821
43891
43907
44001
44013
44100
44208
44344
44392
44431
44864
44875
44898
45021
45061
45305
45406
45467
45597
45627
45697
45792
46099
46300
46498
46630
47102
47259
47304
47784
48133
48318
48857
48986
49644
51166
51412
52956
54343
54854
56486
58998
60868
61434
61640
62121
63012
63063
63397
63833
64009
64661
64862
64999
65112
65205
65524
65702
65766
65808
65896
65980
66292
66424
66578
67425
68173
68198
68345
68491
68577
68721
68779
69140
69261
69433
69454
70177
71466
71722
72260
73456
74291
76194
76505
76960
77228
77903
78090
78326
78788
79260
79462
81743
82270
82984
83221
129550
