














1
1
1
1
1
1
2
2
3
5
6
7
7
8
10
11
12
12
13
14
14
15
16
17
18
18
18
18
19
20
20
20
20
20
21
21
22
24
28
29
29
30
31
33
34
34
35
35
35
36
36
36
37
37
37
41
41
41
41
43
45
45
45
46
48
49
49
50
52
52
52
53
53
54
54
54
54
55
55
55
56
57
57
57
58
58
59
60
61
61
61
61
62
62
63
64
64
64
64
65
65
66
67
67
67
67
67
70
70
70
71
71
71
72
76
76
77
77
77
78
78
78
79
80
81
82
82
83
83
84
84
86
87
87
88
88
88
89
89
90
90
90
90
91
91
91
92
94
94
94
95
96
98
98
98
99
99
100
100
100
101
101
103
103
104
105
106
107
108
108
109
109
109
110
110
110
113
113
114
114
114
115
116
116
117
117
117
119
119
120
122
122
122
123
124
124
126
126
127
128
128
128
129
129
130
132
132
133
133
134
135
135
135
136
136
136
137
137
138
140
141
142
142
142
142
143
144
144
145
147
147
147
148
148
148
149
149
149
149
150
150
150
151
152
152
152
152
154
154
154
155
155
156
158
158
158
160
160
161
162
162
162
162
164
165
165
165
167
167
168
168
170
171
171
171
171
172
172
173
173
173
174
175
175
175
176
176
176
178
178
178
178
179
180
180
180
181
182
183
184
184
186
186
188
188
189
190
190
191
192
193
195
195
195
196
197
198
200
201
201
202
202
202
203
204
205
205
205
206
206
207
207
209
209
209
210
211
211
212
213
213
214
214
215
215
215
215
216
216
217
218
218
219
220
220
221
221
222
223
223
224
225
225
226
228
229
229
229
232
232
233
233
234
234
235
235
235
237
237
237
237
239
240
240
240
240
241
241
242
243
245
245
246
247
247
247
247
248
249
249
251
252
252
252
253
253
255
256
257
258
258
259
259
262
264
264
264
265
265
265
265
266
267
268
268
268
270
271
272
272
273
273
273
274
274
275
275
275
275
275
276
278
278
279
279
279
280
281
281
281
282
283
284
284
284
285
286
286
287
289
289
290
291
291
292
292
293
293
295
296
297
298
299
299
299
299
300
300
300
300
302
303
303
304
307
307
307
308
308
309
309
309
310
310
310
310
310
311
312
312
313
313
313
314
314
315
315
316
316
319
320
321
322
323
325
325
325
325
325
326
327
327
327
327
329
329
332
332
332
333
333
337
338
339
340
342
344
346
347
347
348
348
349
350
350
351
353
353
356
357
357
357
358
359
359
360
361
361
361
363
364
364
365
367
368
368
369
370
373
373
374
374
375
375
375
375
377
378
378
378
378
378
379
384
384
385
385
388
388
389
390
390
390
391
391
392
393
393
393
394
394
394
396
397
398
400
400
402
403
403
404
404
404
404
405
406
407
407
407
409
410
410
413
416
422
422
423
423
425
426
426
426
427
427
427
427
429
430
430
431
431
432
432
432
433
434
435
436
437
437
438
441
441
442
442
442
444
444
444
445
445
446
446
446
447
447
447
448
448
450
450
450
451
452
453
454
454
455
455
455
457
458
458
458
461
461
462
463
463
463
463
465
465
465
466
466
466
467
467
467
469
469
469
470
470
471
471
472
474
474
474
475
475
476
477
479
479
480
481
481
482
483
483
483
483
484
485
486
486
487
487
488
488
490
491
493
494
497
497
497
499
499
499
499
500
500
500
500
502
503
503
504
505
505
505
506
506
508
508
508
509
510
511
512
514
514
514
515
517
517
517
517
518
518
518
518
519
519
520
520
521
521
521
522
522
525
525
525
526
526
527
527
527
528
529
529
530
531
531
532
533
533
535
535
535
536
537
538
543
544
544
544
545
546
547
548
548
548
550
551
554
554
554
554
555
555
558
559
561
562
562
563
563
563
563
563
564
564
564
565
565
566
566
567
567
567
568
569
569
569
569
570
571
571
572
572
573
574
575
575
576
576
576
577
577
579
579
579
580
580
580
581
582
582
583
585
585
585
586
587
587
589
590
590
590
591
591
591
592
593
593
593
594
595
597
597
597
600
600
600
601
601
602
602
603
603
605
605
605
605
606
606
609
609
610
610
610
610
611
612
612
614
614
614
614
615
616
616
616
617
617
617
618
618
618
618
619
620
621
622
623
623
623
625
625
625
625
627
629
629
630
631
631
631
632
632
633
634
634
634
635
635
635
636
638
640
642
642
643
643
643
643
644
644
646
646
649
650
651
653
654
655
655
655
656
656
657
657
658
658
659
659
660
660
660
660
660
661
661
662
663
663
664
665
666
666
669
669
670
670
670
671
672
673
674
674
676
676
676
677
678
678
679
680
681
682
682
683
684
684
684
685
685
685
686
686
686
687
689
689
690
690
690
692
692
693
693
693
694
694
694
695
695
696
697
697
699
701
701
702
702
703
703
703
704
706
706
707
707
707
707
708
709
710
710
711
711
711
712
712
712
712
712
713
714
714
714
715
716
717
717
717
718
719
720
720
723
723
724
726
727
727
727
727
727
728
728
730
730
732
735
735
735
735
736
736
736
738
738
738
739
739
739
741
741
742
743
745
746
746
748
750
751
752
752
752
753
754
754
756
756
756
756
758
760
760
761
761
762
763
763
764
765
766
767
769
770
773
773
774
775
777
777
778
778
779
779
781
781
785
785
785
785
787
787
789
789
789
789
790
792
792
793
793
793
794
796
797
797
797
798
798
798
798
799
799
800
800
801
801
801
802
803
803
803
807
807
807
807
808
809
810
812
813
815
815
818
818
818
819
819
820
821
821
822
822
822
823
824
824
826
826
827
827
827
828
828
828
829
830
831
831
833
834
834
834
835
835
836
836
836
836
837
837
838
840
840
842
842
843
843
844
844
845
845
845
845
845
846
846
846
847
848
849
849
852
852
852
852
853
854
855
855
855
855
856
860
861
862
863
864
864
864
865
866
868
869
871
871
872
873
873
874
875
876
876
877
877
877
877
878
878
878
879
879
879
879
880
880
881
881
881
881
882
882
882
884
884
884
885
888
889
891
892
892
892
893
893
894
895
896
897
897
898
898
898
899
899
900
901
901
901
902
902
903
904
904
904
906
906
906
906
908
911
911
912
912
913
914
914
915
916
916
917
918
918
918
920
921
923
924
924
924
924
924
925
925
925
926
927
927
928
928
930
931
933
934
935
937
937
938
938
939
942
942
943
943
944
945
945
948
949
950
950
952
954
956
956
956
957
957
958
960
960
962
962
962
964
965
965
965
966
966
967
968
969
969
971
975
976
977
978
981
981
982
982
982
986
987
987
990
990
992
993
993
994
994
994
994
996
996
999
1000
1001
1001
1002
1002
1003
1005
1005
1006
1009
1009
1009
1009
1009
1010
1011
1012
1013
1013
1014
1014
1015
1015
1016
1018
1019
1019
1019
1020
1023
1024
1025
1027
1027
1027
1029
1030
1030
1030
1031
1031
1032
1032
1034
1034
1035
1035
1035
1037
1038
1038
1038
1039
1039
1040
1040
1040
1043
1045
1045
1046
1050
1052
1053
1053
1053
1054
1054
1055
1055
1058
1058
1060
1063
1063
1064
1065
1065
1066
1066
1066
1067
1068
1069
1069
1069
1070
1070
1071
1071
1071
1072
1073
1074
1075
1075
1078
1078
1079
1079
1080
1080
1080
1080
1080
1081
1081
1082
1083
1083
1085
1085
1086
1087
1088
1088
1088
1088
1088
1091
1093
1094
1097
1097
1098
1098
1099
1100
1100
1102
1103
1104
1107
1108
1108
1109
1110
1111
1111
1111
1112
1112
1113
1114
1114
1115
1115
1116
1117
1118
1118
1118
1121
1124
1124
1124
1124
1125
1126
1126
1126
1127
1129
1134
1134
1137
1138
1139
1141
1143
1144
1144
1144
1146
1147
1147
1149
1149
1150
1152
1152
1153
1154
1154
1154
1155
1155
1155
1156
1158
1159
1162
1163
1163
1164
1165
1165
1166
1166
1166
1168
1168
1169
1169
1170
1171
1173
1173
1174
1174
1174
1175
1175
1176
1176
1176
1177
1180
1181
1182
1182
1182
1183
1184
1185
1185
1186
1187
1187
1190
1190
1192
1193
1194
1195
1197
1197
1198
1199
1201
1201
1202
1202
1203
1203
1205
1206
1207
1207
1208
1209
1210
1213
1214
1214
1215
1217
1217
1218
1219
1219
1221
1223
1226
1226
1226
1227
1227
1227
1228
1228
1229
1229
1231
1232
1234
1235
1236
1236
1238
1239
1240
1241
1244
1244
1245
1245
1246
1246
1246
1247
1247
1247
1248
1248
1250
1251
1252
1255
1255
1255
1258
1259
1259
1262
1263
1263
1265
1267
1267
1268
1270
1270
1270
1271
1271
1272
1273
1273
1275
1275
1275
1275
1275
1275
1276
1276
1276
1277
1277
1277
1278
1280
1281
1281
1282
1282
1283
1285
1285
1285
1289
1289
1290
1290
1292
1292
1293
1293
1293
1295
1296
1297
1298
1301
1302
1303
1305
1306
1306
1307
1307
1308
1310
1311
1311
1312
1312
1312
1319
1320
1320
1321
1322
1322
1324
1326
1326
1326
1328
1329
1330
1330
1334
1334
1337
1337
1337
1338
1339
1340
1341
1342
1342
1342
1344
1344
1346
1346
1346
1347
1347
1348
1350
1351
1351
1352
1353
1354
1354
1356
1357
1359
1359
1361
1361
1362
1364
1366
1367
1371
1371
1371
1374
1374
1375
1376
1378
1379
1379
1380
1380
1380
1380
1381
1382
1384
1384
1384
1385
1385
1386
1388
1388
1388
1389
1389
1390
1391
1391
1393
1393
1394
1394
1394
1396
1396
1397
1397
1398
1401
1401
1401
1401
1404
1404
1406
1407
1408
1410
1412
1412
1413
1413
1413
1413
1414
1414
1415
1415
1415
1415
1416
1416
1416
1418
1419
1421
1426
1426
1427
1427
1427
1427
1428
1430
1431
1432
1432
1433
1433
1434
1434
1435
1436
1436
1437
1437
1437
1438
1439
1439
1441
1441
1442
1442
1442
1442
1443
1445
1445
1447
1448
1448
1448
1449
1449
1452
1452
1453
1453
1453
1457
1460
1460
1460
1461
1462
1462
1463
1463
1464
1465
1466
1467
1470
1471
1472
1472
1474
1474
1474
1475
1477
1477
1478
1479
1480
1481
1481
1484
1484
1484
1484
1484
1487
1489
1490
1491
1491
1491
1491
1492
1492
1492
1494
1496
1496
1498
1499
1499
1499
1500
1501
1502
1503
1503
1506
1507
1509
1510
1510
1510
1511
1512
1513
1514
1515
1516
1517
1518
1521
1521
1523
1524
1524
1526
1527
1528
1529
1530
1531
1535
1538
1540
1541
1541
1544
1544
1544
1544
1545
1547
1547
1548
1548
1552
1556
1556
1556
1557
1559
1559
1561
1562
1562
1563
1563
1564
1567
1567
1568
1568
1568
1573
1574
1574
1575
1575
1575
1576
1578
1581
1581
1583
1583
1584
1585
1587
1589
1591
1591
1592
1594
1594
1594
1596
1597
1598
1599
1602
1604
1604
1604
1606
1606
1609
1610
1613
1613
1613
1613
1614
1615
1615
1617
1617
1618
1620
1620
1621
1621
1622
1623
1623
1624
1628
1628
1628
1628
1631
1631
1632
1633
1633
1634
1635
1636
1637
1639
1642
1642
1643
1644
1645
1645
1646
1646
1647
1647
1648
1648
1649
1651
1653
1653
1653
1655
1656
1656
1660
1661
1661
1662
1664
1664
1664
1667
1667
1667
1669
1669
1670
1670
1671
1673
1673
1673
1674
1675
1677
1678
1679
1679
1680
1680
1680
1680
1680
1683
1683
1685
1685
1686
1687
1689
1690
1690
1691
1691
1695
1697
1698
1702
1702
1703
1707
1707
1708
1708
1708
1709
1709
1709
1710
1711
1711
1712
1713
1713
1714
1714
1715
1715
1716
1716
1718
1721
1721
1723
1725
1729
1729
1729
1731
1732
1734
1735
1739
1739
1740
1741
1741
1742
1743
1746
1746
1746
1747
1749
1750
1750
1751
1751
1752
1755
1755
1756
1756
1757
1761
1761
1762
1763
1763
1763
1765
1766
1766
1767
1768
1769
1770
1770
1770
1771
1773
1774
1774
1776
1779
1780
1781
1783
1784
1786
1787
1791
1793
1794
1794
1794
1795
1796
1797
1798
1799
1799
1801
1801
1802
1803
1803
1805
1805
1809
1812
1814
1815
1815
1817
1818
1820
1822
1823
1823
1826
1827
1828
1828
1828
1829
1831
1831
1832
1833
1834
1834
1837
1839
1839
1839
1840
1840
1843
1844
1845
1847
1848
1848
1849
1849
1850
1850
1851
1852
1853
1856
1857
1859
1862
1862
1862
1862
1862
1863
1863
1864
1866
1866
1866
1867
1868
1871
1874
1874
1874
1875
1876
1877
1877
1878
1879
1881
1883
1884
1885
1886
1886
1888
1888
1890
1891
1892
1893
1895
1895
1896
1897
1899
1901
1902
1903
1905
1907
1909
1910
1912
1913
1916
1916
1918
1919
1919
1920
1921
1921
1922
1923
1923
1924
1925
1929
1930
1930
1931
1932
1934
1938
1938
1938
1940
1941
1945
1945
1945
1947
1947
1948
1948
1949
1950
1953
1953
1955
1960
1960
1961
1961
1962
1962
1964
1965
1966
1966
1966
1967
1969
1969
1971
1972
1974
1975
1976
1977
1977
1979
1982
1983
1983
1984
1987
1987
1994
1994
1996
1998
1998
1999
2000
2000
2001
2004
2006
2007
2008
2008
2010
2010
2011
2014
2015
2017
2020
2021
2022
2023
2024
2025
2025
2026
2027
2029
2029
2031
2031
2032
2034
2035
2036
2037
2038
2039
2039
2040
2041
2041
2043
2045
2045
2046
2047
2048
2048
2049
2049
2050
2052
2052
2053
2054
2054
2055
2055
2056
2056
2056
2059
2060
2063
2063
2063
2063
2064
2065
2065
2066
2067
2068
2069
2070
2071
2072
2073
2075
2075
2076
2078
2081
2081
2082
2085
2086
2087
2087
2088
2088
2089
2089
2089
2089
2091
2091
2092
2092
2093
2094
2096
2096
2096
2097
2097
2099
2099
2100
2100
2100
2100
2101
2103
2103
2106
2106
2107
2108
2110
2110
2111
2111
2112
2115
2115
2115
2117
2117
2118
2119
2120
2121
2122
2123
2123
2125
2125
2129
2130
2131
2131
2132
2133
2134
2135
2135
2136
2139
2140
2145
2146
2146
2146
2151
2151
2152
2154
2159
2159
2159
2160
2160
2160
2161
2164
2165
2165
2166
2168
2169
2170
2170
2171
2173
2173
2173
2174
2174
2175
2176
2176
2176
2177
2179
2181
2182
2183
2183
2184
2184
2185
2185
2185
2186
2187
2188
2194
2194
2194
2194
2195
2198
2199
2199
2199
2200
2200
2200
2200
2200
2201
2202
2203
2206
2206
2208
2214
2214
2216
2217
2218
2219
2219
2220
2223
2224
2225
2225
2228
2231
2232
2233
2234
2237
2237
2238
2238
2239
2239
2240
2242
2243
2244
2244
2245
2246
2246
2246
2247
2250
2251
2252
2252
2256
2257
2258
2258
2259
2259
2259
2261
2261
2261
2263
2263
2265
2265
2265
2268
2268
2268
2268
2269
2271
2271
2271
2272
2273
2273
2274
2275
2278
2278
2279
2280
2281
2282
2282
2284
2285
2288
2291
2293
2294
2296
2298
2299
2300
2301
2302
2302
2302
2304
2306
2309
2310
2311
2314
2315
2315
2315
2315
2316
2318
2319
2319
2320
2320
2321
2322
2324
2324
2327
2327
2329
2331
2332
2332
2333
2334
2334
2334
2338
2339
2343
2343
2344
2345
2346
2347
2347
2348
2348
2348
2350
2351
2351
2353
2354
2358
2359
2359
2360
2360
2363
2363
2364
2365
2365
2366
2369
2371
2373
2374
2374
2378
2379
2380
2382
2383
2384
2385
2385
2386
2386
2386
2386
2389
2390
2391
2391
2392
2393
2394
2396
2399
2404
2406
2406
2407
2409
2412
2413
2415
2416
2416
2418
2420
2423
2425
2427
2427
2429
2430
2432
2434
2434
2434
2435
2435
2437
2438
2438
2439
2439
2442
2444
2444
2444
2444
2446
2446
2448
2451
2451
2451
2454
2456
2459
2460
2460
2462
2463
2464
2464
2464
2464
2467
2468
2471
2471
2472
2473
2473
2474
2474
2476
2477
2477
2478
2478
2479
2479
2482
2483
2485
2487
2487
2489
2491
2491
2492
2492
2493
2493
2494
2496
2497
2497
2500
2500
2501
2505
2506
2508
2508
2508
2510
2511
2514
2515
2515
2517
2518
2520
2523
2524
2525
2525
2526
2526
2527
2527
2529
2529
2531
2540
2540
2540
2540
2540
2541
2542
2543
2543
2546
2547
2548
2548
2550
2551
2551
2552
2552
2553
2554
2554
2555
2555
2558
2560
2562
2563
2565
2567
2567
2572
2573
2573
2575
2575
2579
2582
2582
2582
2585
2585
2585
2588
2589
2591
2594
2594
2595
2595
2595
2596
2597
2597
2599
2599
2600
2603
2603
2603
2604
2604
2607
2611
2611
2612
2613
2615
2617
2617
2621
2624
2626
2628
2628
2628
2629
2633
2634
2636
2637
2638
2640
2640
2640
2640
2641
2645
2648
2650
2650
2655
2656
2657
2657
2657
2659
2659
2661
2663
2668
2671
2676
2676
2676
2677
2677
2678
2680
2680
2683
2683
2684
2684
2685
2685
2685
2686
2688
2689
2690
2691
2691
2693
2694
2696
2697
2699
2699
2700
2700
2702
2702
2706
2706
2706
2707
2708
2708
2710
2714
2715
2718
2721
2721
2721
2721
2722
2726
2727
2727
2728
2729
2731
2732
2737
2740
2743
2744
2745
2745
2747
2749
2749
2751
2753
2755
2756
2756
2758
2759
2761
2763
2765
2766
2766
2767
2767
2767
2768
2768
2769
2774
2774
2776
2777
2784
2784
2786
2786
2788
2789
2789
2789
2789
2790
2792
2797
2797
2798
2798
2799
2801
2801
2803
2803
2804
2805
2805
2808
2809
2809
2809
2809
2810
2810
2815
2817
2818
2821
2822
2823
2824
2826
2827
2828
2828
2829
2830
2831
2831
2833
2836
2836
2836
2837
2837
2838
2838
2839
2845
2846
2847
2847
2850
2850
2852
2853
2854
2854
2854
2855
2857
2858
2864
2867
2867
2868
2871
2872
2872
2872
2874
2874
2875
2875
2875
2876
2877
2877
2878
2881
2882
2882
2883
2883
2885
2885
2885
2887
2888
2889
2890
2890
2890
2891
2891
2893
2893
2895
2895
2896
2896
2897
2900
2902
2903
2906
2907
2909
2912
2913
2913
2913
2914
2918
2919
2919
2920
2920
2921
2922
2922
2925
2926
2927
2927
2928
2928
2929
2932
2933
2934
2935
2936
2937
2939
2940
2941
2943
2943
2944
2947
2947
2949
2950
2951
2952
2952
2958
2958
2963
2964
2964
2965
2965
2967
2969
2972
2974
2976
2978
2984
2986
2986
2988
2990
2993
2994
2994
2995
2996
2997
2997
2999
3000
3003
3003
3004
3008
3008
3009
3010
3011
3014
3016
3017
3018
3019
3021
3022
3024
3024
3025
3026
3027
3027
3027
3027
3031
3032
3033
3035
3037
3042
3043
3045
3045
3046
3046
3046
3047
3047
3048
3050
3053
3056
3058
3058
3059
3060
3061
3061
3062
3062
3062
3065
3067
3070
3071
3073
3074
3075
3081
3082
3084
3087
3087
3089
3090
3095
3095
3098
3101
3101
3101
3104
3106
3106
3108
3112
3115
3117
3118
3119
3121
3124
3124
3125
3125
3126
3126
3129
3129
3133
3134
3137
3137
3139
3142
3142
3145
3148
3149
3149
3150
3150
3151
3151
3152
3154
3155
3156
3156
3157
3159
3159
3159
3159
3162
3163
3166
3168
3170
3170
3172
3173
3175
3175
3177
3177
3179
3180
3181
3183
3184
3184
3186
3186
3187
3188
3189
3190
3191
3192
3193
3194
3195
3195
3196
3197
3197
3197
3200
3200
3201
3202
3202
3202
3202
3202
3203
3203
3207
3207
3209
3210
3212
3213
3213
3213
3214
3214
3222
3222
3225
3228
3229
3230
3232
3234
3235
3238
3240
3240
3240
3240
3245
3245
3246
3248
3250
3251
3252
3254
3256
3256
3257
3259
3260
3261
3261
3263
3264
3268
3270
3273
3274
3275
3276
3278
3279
3281
3283
3288
3290
3290
3290
3291
3292
3292
3294
3295
3295
3296
3296
3298
3300
3300
3301
3304
3306
3310
3311
3312
3313
3314
3319
3322
3328
3331
3333
3334
3336
3338
3342
3345
3349
3350
3351
3353
3355
3355
3356
3358
3359
3359
3360
3360
3361
3361
3363
3363
3364
3364
3368
3369
3369
3372
3374
3376
3376
3377
3378
3378
3381
3383
3384
3386
3386
3388
3389
3390
3395
3400
3401
3403
3404
3406
3406
3406
3407
3407
3408
3408
3410
3412
3412
3413
3415
3417
3423
3423
3424
3424
3424
3427
3428
3430
3431
3431
3435
3435
3436
3436
3436
3439
3439
3440
3440
3442
3443
3443
3444
3446
3447
3447
3448
3449
3450
3450
3455
3458
3458
3459
3459
3462
3464
3465
3466
3466
3467
3467
3468
3468
3468
3469
3469
3469
3471
3472
3472
3473
3474
3475
3476
3477
3479
3481
3481
3484
3487
3497
3499
3499
3500
3503
3504
3506
3509
3509
3510
3510
3514
3515
3515
3521
3525
3528
3532
3533
3533
3536
3537
3537
3538
3539
3541
3542
3542
3543
3544
3547
3548
3549
3549
3550
3551
3557
3559
3559
3561
3561
3561
3570
3573
3577
3578
3580
3583
3586
3591
3593
3597
3597
3598
3598
3599
3599
3600
3601
3603
3608
3609
3610
3615
3616
3616
3619
3621
3621
3623
3623
3624
3626
3626
3629
3632
3633
3635
3637
3638
3639
3640
3644
3646
3647
3648
3649
3652
3653
3654
3656
3657
3658
3658
3660
3662
3663
3665
3666
3667
3667
3667
3668
3670
3670
3670
3672
3672
3673
3673
3673
3674
3674
3675
3675
3675
3676
3676
3677
3678
3679
3682
3687
3690
3691
3691
3692
3693
3695
3696
3698
3702
3705
3707
3709
3709
3710
3711
3711
3712
3713
3714
3717
3718
3721
3721
3721
3723
3727
3727
3727
3728
3732
3734
3735
3737
3737
3738
3740
3742
3743
3743
3743
3744
3750
3750
3752
3752
3758
3762
3763
3764
3767
3768
3768
3769
3769
3769
3771
3773
3778
3780
3782
3783
3785
3789
3789
3790
3792
3792
3794
3794
3795
3796
3797
3798
3798
3798
3798
3804
3809
3810
3810
3815
3821
3822
3824
3826
3826
3827
3833
3835
3837
3840
3842
3842
3843
3843
3844
3844
3850
3853
3856
3857
3857
3858
3859
3860
3861
3862
3863
3867
3867
3867
3869
3872
3872
3873
3874
3874
3874
3877
3879
3879
3881
3882
3883
3884
3885
3887
3892
3894
3895
3897
3898
3898
3900
3901
3903
3904
3905
3905
3906
3907
3907
3907
3908
3908
3909
3910
3914
3914
3915
3915
3917
3920
3922
3922
3923
3926
3927
3927
3931
3933
3933
3936
3937
3938
3938
3938
3941
3944
3952
3954
3954
3954
3956
3956
3956
3959
3960
3962
3963
3964
3965
3970
3975
3981
3984
3984
3984
3989
3990
3992
3995
3995
3997
4000
4007
4008
4012
4013
4014
4016
4017
4018
4019
4023
4025
4025
4027
4028
4029
4030
4031
4032
4032
4032
4034
4038
4039
4040
4040
4044
4048
4049
4051
4052
4054
4054
4055
4055
4063
4066
4067
4068
4070
4074
4074
4076
4079
4081
4082
4083
4089
4092
4093
4094
4096
4096
4097
4097
4098
4100
4107
4113
4114
4115
4116
4117
4118
4121
4128
4128
4132
4137
4138
4139
4140
4140
4143
4147
4148
4149
4149
4150
4151
4154
4155
4157
4158
4158
4161
4161
4162
4163
4164
4165
4165
4168
4170
4175
4178
4179
4180
4185
4186
4188
4188
4189
4190
4192
4194
4195
4197
4197
4199
4199
4199
4202
4203
4203
4204
4205
4207
4207
4209
4212
4213
4216
4218
4223
4226
4227
4227
4229
4235
4237
4240
4240
4243
4250
4252
4254
4258
4258
4261
4262
4262
4263
4264
4267
4269
4272
4274
4278
4283
4285
4287
4288
4289
4289
4292
4298
4299
4301
4302
4303
4304
4312
4314
4314
4315
4318
4319
4324
4324
4326
4330
4330
4330
4333
4334
4341
4342
4342
4348
4349
4353
4357
4358
4358
4359
4359
4359
4361
4366
4367
4368
4370
4376
4377
4379
4379
4383
4383
4384
4385
4388
4389
4389
4391
4391
4393
4394
4395
4399
4399
4403
4403
4405
4408
4409
4418
4419
4423
4424
4428
4429
4431
4431
4431
4432
4437
4441
4441
4442
4443
4446
4446
4450
4451
4452
4456
4456
4458
4463
4465
4469
4470
4471
4471
4473
4476
4477
4485
4487
4488
4491
4494
4494
4496
4497
4506
4507
4512
4512
4514
4517
4520
4522
4526
4528
4530
4531
4534
4534
4536
4537
4539
4540
4545
4546
4546
4551
4553
4553
4553
4559
4560
4560
4560
4562
4563
4567
4576
4576
4576
4577
4577
4583
4583
4584
4587
4589
4590
4595
4595
4600
4601
4601
4603
4604
4606
4608
4614
4614
4615
4621
4622
4623
4624
4630
4631
4631
4631
4639
4640
4641
4642
4643
4643
4646
4648
4651
4652
4653
4654
4656
4657
4657
4660
4661
4663
4663
4664
4665
4665
4665
4666
4669
4670
4672
4673
4675
4679
4681
4683
4688
4689
4692
4700
4702
4704
4705
4706
4709
4709
4711
4713
4713
4714
4716
4716
4716
4717
4720
4720
4722
4725
4725
4730
4731
4736
4741
4745
4747
4750
4751
4753
4758
4760
4761
4763
4766
4766
4769
4771
4776
4779
4780
4782
4787
4788
4791
4792
4795
4796
4796
4798
4799
4800
4805
4813
4813
4814
4816
4817
4817
4820
4821
4826
4829
4832
4832
4833
4834
4836
4841
4842
4843
4843
4844
4847
4848
4850
4850
4851
4852
4853
4853
4858
4858
4858
4859
4860
4871
4871
4872
4876
4878
4879
4881
4882
4885
4886
4887
4891
4896
4901
4903
4904
4904
4907
4915
4917
4917
4918
4920
4920
4922
4922
4928
4929
4938
4944
4945
4952
4955
4957
4963
4965
4967
4972
4974
4976
4980
4982
4985
4987
4988
4991
4996
4999
5005
5007
5008
5009
5012
5014
5015
5020
5023
5024
5027
5030
5031
5031
5032
5034
5035
5038
5042
5044
5048
5048
5056
5056
5060
5060
5063
5067
5067
5070
5072
5077
5078
5080
5080
5081
5095
5099
5102
5108
5111
5113
5113
5114
5114
5114
5116
5123
5124
5127
5128
5128
5130
5131
5131
5137
5142
5142
5142
5143
5144
5145
5145
5146
5146
5147
5153
5156
5162
5164
5165
5167
5169
5169
5169
5171
5172
5175
5179
5188
5199
5199
5204
5205
5205
5210
5214
5221
5224
5229
5232
5234
5236
5237
5239
5242
5244
5252
5255
5258
5262
5266
5266
5267
5267
5268
5269
5271
5274
5280
5281
5282
5282
5284
5293
5293
5293
5294
5297
5301
5307
5310
5310
5311
5312
5323
5329
5332
5337
5338
5338
5339
5339
5344
5349
5349
5350
5354
5355
5357
5357
5358
5359
5361
5364
5365
5366
5367
5370
5370
5370
5373
5374
5377
5379
5380
5380
5385
5387
5390
5392
5396
5397
5400
5401
5405
5411
5415
5417
5419
5423
5424
5429
5433
5437
5444
5448
5451
5460
5461
5469
5481
5483
5484
5486
5493
5493
5494
5495
5498
5498
5499
5501
5501
5507
5509
5510
5511
5511
5514
5514
5516
5518
5519
5522
5527
5528
5530
5531
5531
5536
5543
5548
5550
5550
5554
5556
5560
5561
5566
5567
5568
5570
5570
5570
5576
5581
5582
5585
5585
5585
5589
5590
5591
5593
5596
5598
5602
5604
5607
5610
5617
5618
5623
5624
5629
5631
5632
5634
5638
5639
5641
5641
5642
5643
5663
5668
5671
5674
5675
5677
5681
5684
5688
5690
5693
5698
5699
5703
5708
5709
5713
5718
5719
5720
5721
5729
5730
5731
5735
5737
5737
5739
5740
5742
5746
5747
5748
5748
5750
5760
5761
5776
5778
5778
5783
5785
5791
5792
5794
5795
5807
5807
5808
5812
5815
5817
5818
5820
5824
5825
5828
5829
5833
5836
5843
5844
5845
5845
5846
5848
5849
5858
5858
5859
5864
5866
5869
5871
5877
5879
5884
5900
5900
5901
5905
5906
5908
5909
5911
5913
5914
5914
5916
5920
5926
5926
5927
5930
5936
5942
5943
5944
5944
5950
5957
5958
5962
5966
5967
5975
5982
5983
5984
5985
5989
5995
5996
5996
6001
6002
6002
6012
6013
6016
6019
6021
6026
6031
6036
6037
6045
6050
6057
6060
6060
6061
6061
6069
6072
6072
6073
6076
6082
6087
6090
6091
6105
6106
6109
6109
6111
6111
6121
6122
6122
6124
6126
6129
6131
6132
6135
6136
6137
6140
6140
6141
6142
6147
6148
6155
6167
6168
6171
6172
6175
6176
6176
6176
6178
6179
6181
6182
6185
6186
6199
6200
6200
6201
6202
6206
6207
6213
6214
6216
6217
6219
6224
6225
6226
6230
6234
6236
6237
6237
6238
6239
6240
6241
6245
6250
6255
6262
6265
6267
6283
6284
6286
6289
6291
6295
6298
6300
6303
6303
6308
6314
6318
6318
6320
6322
6322
6340
6341
6343
6343
6344
6345
6346
6346
6346
6348
6354
6359
6360
6372
6373
6374
6380
6381
6382
6383
6388
6388
6395
6395
6397
6397
6400
6407
6408
6408
6414
6416
6417
6424
6424
6427
6428
6428
6432
6437
6443
6454
6454
6455
6458
6460
6463
6466
6468
6468
6474
6474
6480
6485
6487
6489
6489
6490
6498
6498
6499
6499
6500
6504
6505
6511
6511
6515
6520
6525
6525
6526
6535
6537
6545
6555
6560
6565
6567
6572
6572
6572
6576
6577
6587
6589
6593
6595
6596
6612
6615
6617
6621
6624
6630
6636
6636
6643
6650
6657
6658
6658
6660
6662
6662
6682
6685
6689
6692
6695
6696
6697
6699
6703
6708
6708
6709
6715
6715
6718
6730
6732
6737
6740
6740
6747
6749
6753
6759
6759
6760
6764
6767
6771
6776
6779
6780
6781
6783
6791
6792
6794
6795
6796
6799
6800
6803
6804
6811
6813
6815
6817
6821
6825
6832
6833
6835
6845
6854
6862
6863
6864
6865
6867
6867
6868
6875
6877
6878
6887
6889
6893
6895
6902
6908
6910
6910
6915
6921
6923
6928
6928
6930
6933
6934
6937
6937
6950
6960
6966
6966
6967
6982
6985
6988
6991
6993
6995
7000
7004
7010
7011
7016
7016
7016
7020
7022
7023
7030
7031
7032
7032
7036
7037
7043
7044
7051
7053
7060
7066
7070
7071
7077
7081
7081
7104
7106
7112
7113
7113
7115
7117
7118
7121
7121
7122
7126
7127
7127
7137
7139
7141
7144
7158
7162
7164
7165
7166
7170
7173
7173
7178
7183
7184
7211
7217
7224
7224
7226
7226
7227
7229
7230
7234
7237
7244
7246
7248
7249
7256
7260
7270
7273
7274
7274
7278
7279
7283
7283
7285
7287
7298
7304
7305
7309
7314
7318
7319
7319
7325
7327
7327
7327
7331
7349
7350
7350
7353
7353
7358
7358
7360
7361
7361
7365
7374
7388
7389
7400
7403
7407
7408
7411
7413
7413
7416
7418
7419
7430
7433
7452
7456
7462
7473
7474
7477
7490
7491
7508
7512
7515
7523
7524
7531
7538
7553
7570
7572
7582
7586
7592
7595
7596
7596
7596
7603
7612
7620
7625
7625
7627
7636
7637
7639
7642
7642
7647
7660
7662
7662
7664
7665
7676
7680
7682
7684
7686
7690
7696
7696
7707
7711
7713
7713
7718
7719
7724
7724
7726
7728
7729
7731
7736
7742
7746
7750
7755
7762
7768
7768
7769
7780
7781
7781
7785
7794
7798
7798
7804
7804
7819
7834
7837
7838
7839
7847
7852
7857
7863
7867
7875
7883
7892
7892
7894
7895
7897
7900
7908
7914
7922
7926
7928
7931
7932
7935
7942
7945
7945
7948
7950
7958
7959
7962
7965
7968
7972
7984
7985
7997
8002
8005
8007
8012
8015
8017
8021
8030
8039
8047
8062
8066
8074
8075
8078
8079
8082
8084
8085
8085
8087
8091
8096
8099
8103
8104
8118
8128
8138
8139
8139
8142
8145
8147
8148
8149
8149
8150
8151
8161
8166
8181
8185
8186
8187
8223
8223
8226
8227
8238
8241
8247
8248
8253
8254
8254
8256
8257
8258
8262
8263
8268
8271
8276
8285
8289
8290
8294
8296
8314
8320
8332
8344
8357
8360
8385
8387
8393
8398
8398
8404
8404
8405
8407
8418
8420
8423
8427
8429
8434
8435
8438
8439
8446
8447
8451
8458
8461
8462
8467
8474
8474
8480
8493
8500
8506
8525
8528
8534
8536
8537
8538
8540
8547
8547
8549
8551
8554
8558
8562
8566
8572
8574
8581
8587
8587
8589
8592
8593
8598
8600
8609
8609
8610
8612
8614
8614
8622
8628
8649
8650
8657
8657
8661
8663
8687
8691
8692
8699
8704
8705
8707
8707
8713
8745
8749
8753
8764
8772
8773
8799
8801
8805
8809
8816
8821
8823
8824
8829
8832
8834
8835
8836
8839
8840
8860
8861
8862
8869
8872
8880
8885
8886
8887
8887
8889
8890
8916
8917
8917
8918
8920
8927
8932
8934
8941
8944
8958
8958
8965
8967
8996
9007
9016
9017
9029
9034
9035
9040
9053
9055
9061
9065
9070
9074
9080
9088
9090
9108
9118
9132
9135
9141
9145
9146
9159
9165
9166
9167
9180
9188
9191
9205
9212
9213
9213
9219
9220
9223
9228
9240
9245
9249
9252
9276
9294
9297
9306
9308
9314
9320
9321
9336
9336
9337
9338
9342
9343
9346
9361
9363
9367
9369
9369
9371
9379
9379
9385
9388
9406
9406
9413
9421
9424
9427
9433
9459
9464
9467
9468
9471
9471
9476
9477
9478
9479
9489
9490
9490
9490
9518
9528
9528
9534
9540
9543
9543
9548
9553
9557
9562
9572
9582
9583
9592
9599
9603
9604
9615
9627
9629
9651
9651
9671
9673
9683
9684
9687
9690
9699
9709
9714
9726
9734
9747
9749
9754
9759
9766
9768
9774
9774
9776
9779
9779
9781
9782
9791
9797
9812
9819
9819
9822
9831
9833
9841
9841
9853
9859
9866
9868
9869
9870
9875
9881
9885
9888
9900
9927
9930
9959
9980
9980
9984
9990
9991
10003
10035
10037
10039
10041
10056
10068
10068
10074
10092
10101
10110
10119
10130
10134
10136
10144
10150
10157
10176
10181
10192
10197
10199
10215
10227
10239
10249
10254
10257
10262
10264
10292
10307
10308
10312
10315
10320
10323
10343
10348
10364
10379
10379
10380
10397
10402
10447
10448
10460
10461
10463
10481
10501
10501
10515
10521
10535
10545
10545
10560
10562
10571
10576
10578
10578
10580
10600
10602
10605
10612
10618
10649
10665
10665
10667
10683
10705
10752
10755
10767
10774
10786
10790
10793
10800
10812
10823
10834
10835
10836
10850
10889
10893
10913
10924
10928
10933
10959
10960
10972
10976
10979
10981
10988
10999
11008
11008
11010
11022
11028
11030
11048
11054
11057
11066
11069
11072
11073
11074
11081
11116
11118
11121
11138
11153
11169
11188
11194
11198
11199
11213
11227
11229
11244
11246
11246
11260
11268
11276
11277
11290
11297
11297
11301
11301
11309
11309
11316
11317
11328
11331
11344
11344
11346
11350
11378
11386
11386
11416
11441
11443
11445
11451
11465
11492
11498
11502
11504
11506
11514
11517
11526
11539
11549
11554
11559
11566
11570
11578
11583
11585
11585
11596
11608
11624
11630
11632
11651
11658
11666
11669
11681
11689
11724
11730
11731
11741
11754
11758
11776
11781
11785
11805
11823
11833
11842
11848
11860
11860
11868
11880
11884
11890
11901
11906
11908
11912
11914
11938
11942
11944
11967
11970
11973
11975
11987
12002
12014
12033
12042
12069
12077
12131
12144
12147
12148
12176
12183
12193
12214
12245
12248
12249
12250
12252
12263
12283
12283
12288
12313
12319
12332
12357
12362
12376
12378
12397
12397
12400
12444
12462
12464
12515
12524
12542
12543
12552
12578
12593
12594
12630
12664
12669
12669
12669
12688
12692
12716
12729
12734
12740
12742
12766
12772
12794
12799
12802
12805
12807
12814
12830
12848
12858
12862
12863
12870
12884
12918
12924
12929
12930
12931
12935
12973
12981
12983
13000
13020
13026
13027
13048
13053
13056
13064
13073
13098
13109
13126
13136
13165
13178
13193
13194
13215
13237
13250
13252
13257
13258
13261
13262
13269
13291
13297
13301
13305
13330
13333
13362
13364
13365
13372
13387
13390
13397
13401
13406
13415
13420
13430
13483
13485
13520
13525
13530
13545
13550
13576
13587
13590
13596
13597
13599
13599
13602
13638
13646
13647
13678
13688
13689
13691
13696
13700
13735
13740
13743
13749
13752
13762
13792
13832
13844
13871
13874
13905
13935
13938
13939
13947
13958
13963
13976
13978
13987
13988
14032
14035
14036
14050
14060
14086
14101
14122
14144
14150
14151
14162
14163
14175
14178
14200
14238
14243
14248
14258
14295
14312
14313
14332
14338
14345
14393
14402
14403
14455
14472
14489
14498
14503
14508
14533
14546
14553
14570
14605
14617
14619
14655
14725
14730
14762
14783
14792
14809
14823
14841
14845
14850
14853
14904
14920
14925
14948
14960
14961
14963
15010
15016
15030
15037
15048
15049
15053
15056
15068
15102
15153
15156
15159
15195
15198
15227
15227
15233
15236
15327
15378
15428
15449
15452
15458
15492
15536
15538
15558
15581
15622
15623
15651
15655
15666
15672
15677
15696
15702
15705
15724
15753
15821
15838
15856
15863
15904
15912
15950
15969
15983
15989
16014
16098
16107
16137
16158
16201
16253
16361
16403
16408
16443
16531
16547
16547
16592
16610
16617
16624
16640
16668
16697
16700
16722
16727
16782
16785
16788
16805
16822
16849
16855
16877
16949
16999
17030
17031
17045
17050
17053
17057
17070
17072
17073
17093
17107
17121
17141
17162
17169
17300
17306
17320
17326
17328
17357
17374
17380
17397
17476
17495
17524
17526
17546
17563
17587
17609
17627
17635
17655
17661
17709
17714
17739
17756
17785
17831
17842
17845
17859
17893
17927
17927
17936
17944
17950
17987
17995
18000
18006
18010
18078
18100
18104
18147
18162
18176
18207
18239
18244
18249
18269
18276
18279
18281
18297
18320
18338
18344
18374
18383
18387
18391
18395
18428
18437
18468
18513
18517
18533
18641
18652
18658
18660
18735
18738
18757
18774
18857
18901
18909
18917
18929
18980
19056
19066
19080
19102
19132
19161
19222
19249
19250
19255
19261
19282
19302
19322
19342
19348
19385
19422
19449
19497
19543
19576
19696
19781
19858
19865
19885
19899
19915
19943
19944
20006
20025
20052
20077
20117
20201
20239
20251
20278
20291
20326
20396
20425
20432
20438
20447
20487
20492
20560
20570
20601
20610
20612
20618
20655
20657
20699
20713
20738
20761
20785
20796
20829
20833
20841
20863
20898
20929
20986
21001
21005
21008
21059
21064
21075
21117
21125
21177
21264
21279
21291
21443
21476
21550
21563
21673
21687
21688
21698
21705
21719
21781
21790
21838
21840
21844
21870
21881
21886
21935
21948
21978
22132
22143
22165
22191
22334
22363
22437
22456
22462
22527
22533
22571
22612
22695
22713
22739
22823
22898
22931
23031
23033
23057
23170
23196
23198
23254
23276
23277
23288
23356
23359
23459
23472
23474
23497
23514
23517
23525
23576
23624
23630
23633
23727
23737
23746
23769
23866
23922
23950
23951
23966
24000
24021
24033
24063
24076
24240
24338
24376
24399
24505
24513
24540
24652
24844
24954
24991
25022
25202
25284
25346
25508
25517
25640
25896
25901
25903
25946
25988
26014
26104
26108
26207
26239
26385
26385
26387
26456
26523
26751
26804
26822
26833
26835
27019
27019
27487
27703
27887
28081
28085
28115
28135
28175
28254
28277
28310
28425
28653
28777
28788
28839
28987
29000
29045
29049
29073
29113
29142
29517
29588
29603
29637
29736
29767
29782
29975
30016
30082
30111
30122
30447
30516
30523
30632
31007
31120
31127
31180
31255
31330
31356
31503
31790
31793
31807
31821
32013
32323
32401
32457
32531
32806
32817
32833
32979
33022
33143
33170
33180
33239
33318
33597
33751
33819
33843
34065
34077
34242
34329
34484
34490
34597
34649
34664
34737
34747
34864
35055
35206
35622
36431
36594
36739
36884
37087
37141
37177
37246
37269
37290
37352
37466
37612
37932
38114
38429
38479
38753
38877
39029
39248
39335
39352
39354
39356
39425
39681
39685
39844
39891
40131
40146
40511
40513
40715
41418
41600
41627
41865
42296
42426
42650
42651
42771
42831
43268
43432
43586
43940
45341
45739
45876
47143
48650
49213
54500
56259
56388
56476
58022
58093
60961
61090
62272
62683
63886
64229
66014
70673
70889
72809
73234
77971
78967
81569
81615
83274
83947
84563
84787
85705
86555
87191
87881
88525
89475
89628
90093
106503
107497
126380
127376
