














1
1
1
1
1
1
1
1
1
1
1
1
1
1
1
1
1
1
1
1
1
2
2
2
3
3
3
5
5
5
5
6
6
7
7
8
9
10
11
11
12
12
13
14
14
15
15
16
17
18
18
18
18
18
19
19
20
20
20
20
20
21
21
22
24
24
25
28
29
29
31
31
33
34
34
34
35
35
35
36
36
36
37
37
37
38
40
41
41
41
41
43
43
44
45
45
45
46
48
49
49
49
50
50
52
52
52
53
53
53
54
54
54
54
55
55
55
56
57
57
57
58
58
59
60
60
60
61
61
61
61
62
62
63
64
64
64
64
64
65
65
66
67
67
67
70
70
70
71
71
71
72
72
74
76
76
77
77
77
77
78
79
80
81
82
83
83
84
84
84
86
87
87
88
88
88
89
89
90
90
90
90
90
91
91
91
92
94
94
94
94
95
95
96
96
96
98
98
98
99
99
100
100
101
101
102
103
103
104
105
106
106
107
107
108
108
108
109
109
109
110
110
110
110
112
113
113
114
114
114
115
115
116
116
117
117
117
119
119
120
120
122
122
122
123
124
124
124
124
126
126
127
128
128
128
129
129
130
132
132
133
134
135
135
135
136
136
136
137
137
138
139
140
141
142
142
142
142
143
143
144
144
144
144
145
147
147
147
147
148
148
148
149
149
149
150
150
150
151
152
152
152
152
154
154
154
155
155
156
156
158
158
158
159
160
160
161
162
162
162
162
163
164
164
165
165
167
167
167
168
168
170
171
171
171
171
172
172
173
173
173
174
175
175
175
176
176
176
178
178
178
178
178
179
180
180
180
181
182
183
184
184
186
186
188
188
189
189
190
190
191
191
192
193
193
195
195
195
196
196
196
197
198
200
201
201
202
202
202
203
203
204
205
205
205
206
206
207
207
207
209
209
209
210
211
212
213
214
214
215
215
215
215
216
216
217
218
218
219
220
220
221
221
222
223
223
224
225
225
226
228
229
229
229
231
232
232
233
233
234
234
234
235
235
235
237
237
237
239
239
239
240
240
240
240
241
241
241
242
243
243
243
244
245
245
246
247
247
247
248
248
249
249
250
251
251
252
252
252
253
254
255
256
257
258
258
259
259
262
264
264
264
265
265
265
265
266
267
268
268
269
270
271
272
272
273
273
273
274
274
275
275
275
275
275
276
276
278
278
279
279
279
280
281
281
281
282
283
284
284
284
284
285
286
286
287
289
290
291
291
291
292
292
293
293
295
296
297
298
299
299
299
299
300
300
300
300
302
303
303
304
307
307
307
308
308
308
309
309
309
309
310
310
310
310
310
311
312
312
313
313
313
314
314
315
315
316
319
320
321
322
323
323
325
325
325
325
325
326
327
327
327
327
329
329
332
332
332
333
337
338
339
340
342
343
344
344
346
347
347
348
348
349
349
350
351
352
353
353
356
357
357
357
357
358
359
359
360
361
361
361
363
364
365
365
367
368
368
368
369
370
373
373
374
374
374
375
375
375
375
376
377
378
378
378
378
378
379
383
384
384
385
385
385
388
388
389
390
390
390
391
391
392
393
393
393
394
394
394
394
396
397
398
400
400
400
402
403
403
404
404
404
404
405
406
407
407
407
407
409
410
410
413
416
422
423
424
425
426
426
427
427
427
427
429
430
430
431
431
432
432
432
433
434
434
435
436
437
437
438
438
439
441
441
442
442
444
444
444
445
446
447
447
448
448
448
450
450
450
452
452
453
454
454
455
455
455
457
458
458
459
459
461
461
462
463
463
463
465
465
465
466
466
466
467
467
467
469
469
469
470
470
471
471
474
474
474
475
476
479
479
480
481
481
481
482
482
483
483
483
483
484
485
486
486
487
488
488
490
490
493
493
494
495
497
497
498
499
499
499
499
499
500
500
500
502
503
504
505
505
505
506
506
507
508
508
508
509
511
512
513
514
514
515
517
517
517
517
518
518
518
518
520
520
521
522
522
522
524
525
525
525
526
526
527
527
527
528
529
529
530
531
531
533
533
535
535
536
537
538
543
544
544
544
546
548
548
548
548
549
550
551
554
554
554
555
555
555
558
559
561
562
562
563
563
563
563
563
564
564
565
565
566
566
567
567
567
569
569
569
569
570
571
571
572
572
573
574
575
575
576
576
577
577
579
579
579
579
580
580
580
581
582
582
583
585
585
585
586
586
587
587
589
589
589
590
590
590
590
590
591
591
591
592
593
593
593
594
595
597
597
600
600
600
601
601
601
602
603
603
605
605
605
605
606
606
609
609
610
610
610
610
610
611
612
612
613
613
614
614
614
615
616
616
616
616
617
617
617
618
618
618
618
619
620
621
622
625
625
625
625
627
627
629
629
630
631
631
631
632
632
633
634
634
635
635
636
638
641
641
642
642
643
643
643
643
643
644
644
646
646
649
650
651
651
652
653
653
654
655
655
656
656
657
657
658
658
659
659
660
660
660
660
660
661
662
663
663
664
665
666
666
669
669
670
670
670
670
671
671
671
672
672
673
674
676
676
676
678
680
681
682
682
683
684
684
684
684
685
685
686
686
686
686
686
687
689
689
690
690
690
692
692
693
693
694
694
695
695
696
697
697
698
699
701
702
702
702
703
703
703
703
704
704
705
706
707
707
707
707
708
709
710
711
711
711
712
712
712
712
712
714
714
715
716
717
717
717
718
720
720
723
723
723
724
726
727
727
727
727
727
728
728
729
730
730
730
732
733
735
735
735
735
735
736
736
736
738
738
738
739
739
739
741
741
742
743
745
746
746
750
751
752
752
752
753
754
754
756
756
756
756
756
756
757
760
760
761
761
762
763
763
764
765
765
766
767
768
769
769
770
773
773
774
775
777
777
778
778
779
779
781
781
784
785
785
785
785
787
787
789
789
789
789
789
790
792
792
793
793
793
794
796
797
797
797
798
798
798
798
799
799
799
800
800
801
801
801
803
803
803
804
806
807
807
807
807
808
809
810
812
813
815
815
818
818
818
819
820
820
821
822
822
823
823
824
824
826
826
827
827
828
828
828
829
829
830
830
830
831
831
833
834
834
834
835
835
836
836
836
836
837
837
838
838
839
840
840
842
843
843
844
844
845
845
845
845
845
845
846
846
846
847
849
849
852
852
852
852
852
853
855
855
855
855
855
856
856
860
861
862
862
862
862
864
864
864
866
868
869
870
871
871
872
873
873
874
875
876
876
877
877
877
877
878
878
878
879
879
879
879
879
879
880
880
880
881
881
881
882
882
882
883
884
884
884
884
884
885
888
888
889
889
891
891
892
892
893
893
894
897
897
898
898
898
899
899
900
901
901
902
902
904
904
906
906
906
906
906
908
911
911
912
912
913
914
914
914
915
915
916
916
917
918
918
918
920
921
921
923
924
924
924
924
924
925
925
925
926
927
927
928
930
931
931
933
933
934
935
937
937
938
938
938
942
943
943
943
944
945
945
946
948
949
949
950
951
952
954
956
956
957
958
958
958
959
960
960
960
962
962
964
965
965
965
966
967
967
968
969
971
975
976
976
977
977
981
981
982
982
986
986
987
987
990
992
993
993
994
994
994
994
996
997
999
1000
1001
1002
1002
1003
1003
1004
1004
1005
1005
1006
1006
1008
1009
1009
1009
1009
1009
1009
1010
1012
1013
1013
1014
1014
1014
1015
1015
1015
1016
1016
1016
1016
1018
1018
1019
1019
1019
1020
1023
1024
1025
1027
1027
1027
1028
1029
1030
1030
1031
1031
1032
1032
1034
1034
1034
1034
1034
1035
1037
1038
1038
1038
1039
1039
1040
1040
1040
1043
1043
1044
1045
1045
1045
1045
1045
1046
1053
1054
1055
1055
1056
1058
1058
1060
1063
1063
1064
1065
1065
1066
1066
1067
1068
1069
1069
1069
1070
1071
1071
1071
1072
1073
1074
1075
1075
1078
1078
1079
1079
1080
1080
1080
1080
1080
1081
1081
1082
1083
1083
1085
1086
1087
1088
1088
1088
1088
1088
1088
1091
1093
1094
1097
1097
1099
1100
1100
1102
1103
1103
1104
1104
1107
1108
1108
1109
1111
1111
1111
1112
1112
1113
1114
1114
1115
1115
1115
1116
1117
1117
1118
1118
1118
1121
1124
1124
1124
1124
1125
1126
1126
1126
1127
1129
1134
1135
1137
1138
1141
1143
1144
1144
1144
1146
1146
1147
1147
1152
1152
1153
1154
1154
1154
1155
1155
1155
1155
1156
1157
1158
1159
1162
1163
1163
1163
1165
1165
1165
1166
1166
1166
1168
1169
1169
1170
1173
1173
1174
1174
1174
1175
1175
1176
1176
1176
1176
1177
1177
1180
1181
1182
1182
1182
1183
1185
1186
1187
1187
1190
1190
1192
1193
1193
1194
1195
1198
1199
1200
1201
1202
1202
1203
1203
1203
1205
1207
1207
1207
1208
1209
1210
1210
1212
1213
1214
1215
1217
1217
1218
1219
1219
1221
1223
1226
1226
1227
1227
1227
1228
1228
1228
1228
1229
1229
1231
1232
1234
1235
1236
1236
1238
1238
1239
1240
1241
1243
1244
1244
1245
1245
1246
1246
1246
1246
1247
1247
1247
1247
1248
1248
1250
1251
1252
1255
1255
1255
1258
1259
1259
1260
1261
1262
1263
1263
1267
1267
1269
1270
1270
1270
1271
1271
1271
1272
1273
1274
1275
1275
1275
1275
1275
1276
1276
1276
1277
1277
1278
1278
1280
1280
1280
1281
1282
1282
1283
1285
1285
1285
1287
1288
1289
1289
1290
1290
1292
1293
1293
1293
1295
1296
1297
1298
1299
1299
1301
1302
1302
1303
1304
1305
1305
1306
1306
1306
1307
1307
1308
1308
1309
1310
1310
1311
1311
1312
1312
1312
1316
1317
1317
1319
1319
1320
1320
1321
1321
1322
1322
1326
1326
1326
1326
1327
1328
1329
1330
1330
1334
1334
1337
1337
1338
1338
1340
1341
1342
1342
1342
1344
1344
1346
1346
1347
1348
1350
1350
1351
1351
1352
1353
1354
1354
1356
1356
1357
1358
1359
1359
1361
1362
1362
1364
1367
1369
1371
1371
1374
1374
1375
1375
1378
1378
1379
1379
1380
1380
1380
1380
1380
1381
1382
1382
1383
1384
1384
1384
1385
1385
1386
1388
1388
1388
1389
1390
1391
1391
1392
1393
1393
1394
1394
1394
1396
1396
1397
1397
1398
1398
1401
1401
1403
1404
1405
1405
1407
1407
1408
1412
1412
1413
1413
1413
1414
1414
1415
1415
1415
1416
1416
1416
1417
1418
1419
1419
1424
1426
1426
1426
1427
1427
1427
1427
1430
1431
1431
1432
1432
1433
1433
1436
1437
1437
1439
1439
1441
1441
1442
1442
1442
1443
1445
1448
1448
1448
1449
1449
1452
1452
1453
1453
1453
1453
1457
1458
1460
1460
1462
1462
1463
1464
1464
1465
1466
1467
1467
1467
1470
1471
1472
1474
1474
1474
1475
1477
1478
1479
1480
1481
1484
1484
1484
1484
1484
1487
1489
1490
1491
1491
1491
1491
1492
1492
1492
1496
1496
1498
1499
1499
1500
1500
1501
1503
1505
1506
1506
1506
1507
1507
1508
1509
1510
1510
1510
1512
1514
1514
1515
1515
1516
1517
1518
1521
1521
1522
1523
1523
1524
1524
1526
1526
1527
1528
1528
1529
1530
1530
1531
1531
1535
1535
1538
1538
1538
1539
1539
1540
1541
1543
1544
1544
1544
1544
1547
1547
1547
1548
1551
1552
1553
1556
1556
1556
1559
1560
1562
1562
1563
1564
1566
1567
1567
1568
1568
1572
1573
1573
1574
1574
1575
1575
1575
1575
1576
1578
1578
1578
1581
1581
1583
1583
1584
1587
1589
1591
1591
1594
1594
1594
1596
1596
1597
1597
1598
1598
1599
1600
1602
1602
1603
1604
1604
1604
1605
1606
1608
1609
1609
1610
1610
1613
1613
1613
1614
1614
1614
1615
1615
1615
1615
1617
1618
1619
1620
1620
1621
1621
1623
1623
1624
1624
1625
1627
1628
1628
1628
1632
1633
1634
1635
1636
1639
1641
1642
1642
1643
1643
1644
1645
1646
1646
1647
1648
1648
1648
1649
1651
1652
1653
1653
1655
1660
1661
1661
1662
1664
1664
1665
1667
1667
1667
1668
1669
1669
1670
1670
1671
1671
1672
1673
1674
1675
1677
1678
1679
1679
1679
1680
1680
1682
1683
1683
1684
1685
1686
1686
1687
1687
1689
1690
1690
1691
1691
1692
1695
1696
1698
1699
1700
1702
1703
1703
1706
1707
1707
1707
1707
1708
1708
1709
1709
1709
1709
1711
1711
1712
1713
1714
1714
1715
1715
1716
1716
1718
1718
1721
1721
1721
1722
1722
1726
1729
1729
1730
1730
1731
1732
1733
1734
1735
1735
1739
1739
1740
1741
1741
1742
1743
1746
1746
1746
1746
1747
1748
1750
1751
1751
1752
1752
1754
1754
1755
1755
1756
1756
1757
1760
1760
1761
1761
1762
1762
1763
1763
1763
1763
1765
1766
1766
1767
1768
1769
1770
1770
1770
1773
1774
1774
1775
1776
1776
1777
1778
1779
1780
1783
1784
1784
1786
1786
1787
1788
1791
1793
1793
1794
1794
1794
1794
1795
1795
1796
1799
1801
1801
1802
1803
1803
1803
1804
1804
1805
1808
1809
1811
1812
1815
1815
1816
1817
1818
1818
1820
1822
1823
1826
1827
1828
1828
1829
1831
1831
1831
1832
1833
1834
1834
1835
1835
1836
1837
1838
1839
1839
1839
1839
1840
1840
1841
1842
1843
1844
1844
1844
1845
1846
1846
1847
1848
1848
1848
1849
1849
1849
1851
1852
1853
1856
1857
1860
1862
1862
1862
1863
1864
1865
1865
1866
1866
1867
1868
1868
1869
1871
1872
1872
1874
1874
1874
1875
1876
1877
1877
1879
1879
1879
1880
1881
1883
1884
1884
1885
1886
1886
1887
1888
1888
1889
1889
1890
1891
1892
1895
1895
1898
1899
1901
1902
1903
1905
1905
1906
1907
1908
1909
1910
1911
1913
1915
1916
1916
1918
1919
1919
1919
1919
1920
1921
1921
1922
1923
1923
1924
1925
1926
1929
1930
1931
1931
1934
1936
1938
1940
1940
1941
1944
1945
1945
1945
1947
1947
1948
1948
1950
1956
1960
1961
1961
1962
1964
1964
1965
1965
1966
1966
1966
1969
1971
1972
1972
1974
1976
1976
1977
1977
1977
1980
1982
1983
1983
1984
1985
1987
1987
1987
1989
1990
1991
1993
1994
1994
1996
1998
1998
1999
2000
2001
2002
2005
2006
2007
2008
2008
2010
2011
2015
2015
2017
2020
2020
2021
2022
2023
2024
2025
2026
2027
2029
2030
2031
2031
2032
2032
2034
2035
2035
2036
2037
2037
2038
2038
2039
2039
2041
2041
2043
2044
2045
2045
2045
2046
2048
2048
2048
2049
2049
2050
2051
2051
2052
2052
2053
2054
2054
2055
2056
2056
2056
2057
2060
2063
2063
2063
2064
2065
2065
2068
2068
2069
2069
2070
2071
2073
2075
2075
2075
2076
2078
2080
2080
2081
2081
2082
2084
2084
2085
2086
2087
2087
2087
2088
2088
2089
2089
2089
2091
2091
2091
2092
2092
2093
2093
2093
2094
2095
2096
2096
2097
2097
2099
2099
2100
2100
2103
2107
2108
2109
2110
2110
2111
2112
2115
2115
2115
2117
2117
2118
2119
2120
2121
2121
2121
2122
2123
2123
2123
2125
2125
2130
2131
2131
2131
2132
2132
2133
2134
2135
2135
2136
2136
2140
2140
2140
2141
2141
2145
2146
2146
2146
2146
2147
2151
2151
2154
2155
2158
2159
2159
2159
2160
2160
2160
2161
2162
2162
2165
2166
2168
2169
2169
2170
2170
2171
2171
2173
2173
2173
2174
2176
2176
2177
2177
2179
2181
2182
2183
2183
2184
2185
2185
2187
2188
2194
2194
2194
2195
2198
2199
2199
2200
2200
2200
2201
2201
2201
2202
2202
2203
2204
2206
2206
2207
2208
2211
2214
2214
2216
2217
2217
2218
2218
2219
2219
2219
2223
2224
2225
2226
2227
2228
2231
2231
2232
2232
2233
2234
2234
2237
2237
2238
2238
2239
2240
2242
2242
2243
2243
2244
2244
2245
2245
2245
2246
2246
2247
2249
2250
2251
2252
2252
2253
2254
2256
2256
2257
2258
2258
2259
2259
2259
2259
2260
2261
2261
2262
2263
2265
2265
2266
2268
2268
2268
2269
2271
2271
2273
2273
2275
2276
2278
2279
2280
2280
2280
2281
2281
2282
2285
2285
2287
2288
2293
2295
2295
2296
2298
2299
2300
2302
2302
2302
2304
2304
2306
2307
2311
2312
2314
2315
2315
2316
2318
2318
2319
2319
2320
2320
2320
2322
2324
2324
2326
2326
2326
2327
2327
2327
2327
2328
2330
2331
2332
2332
2332
2332
2332
2334
2334
2338
2339
2341
2343
2343
2343
2344
2345
2346
2346
2347
2347
2348
2348
2348
2350
2350
2351
2351
2352
2353
2353
2355
2356
2356
2358
2359
2359
2359
2360
2360
2362
2363
2365
2365
2366
2368
2369
2369
2369
2371
2373
2378
2378
2378
2379
2382
2382
2383
2384
2385
2386
2386
2386
2389
2391
2391
2393
2394
2394
2399
2399
2400
2401
2401
2405
2405
2406
2406
2407
2412
2413
2413
2414
2415
2416
2420
2420
2421
2423
2423
2425
2425
2427
2427
2429
2432
2433
2434
2434
2434
2434
2435
2437
2437
2438
2438
2439
2439
2441
2441
2442
2444
2444
2444
2446
2446
2448
2451
2451
2451
2454
2456
2458
2460
2460
2462
2463
2464
2464
2464
2464
2464
2466
2466
2467
2468
2468
2471
2471
2472
2472
2473
2473
2474
2474
2474
2476
2477
2477
2477
2478
2479
2479
2481
2482
2482
2483
2485
2486
2487
2489
2492
2493
2493
2496
2497
2497
2500
2500
2501
2501
2502
2505
2506
2506
2508
2508
2511
2514
2514
2514
2515
2516
2517
2517
2518
2518
2519
2519
2521
2523
2524
2525
2525
2525
2526
2526
2527
2528
2529
2530
2531
2534
2538
2538
2540
2540
2540
2540
2541
2542
2543
2543
2546
2548
2550
2550
2551
2551
2551
2552
2552
2554
2555
2555
2555
2557
2560
2560
2562
2563
2563
2565
2567
2567
2572
2573
2573
2575
2575
2577
2577
2579
2579
2582
2582
2583
2585
2585
2585
2585
2587
2588
2589
2590
2590
2591
2594
2595
2595
2595
2596
2596
2598
2598
2598
2599
2599
2599
2601
2603
2603
2604
2607
2607
2608
2611
2611
2611
2612
2615
2615
2616
2617
2617
2618
2619
2619
2620
2621
2621
2622
2624
2626
2627
2627
2628
2629
2631
2633
2634
2634
2637
2638
2640
2640
2640
2640
2641
2641
2642
2646
2648
2650
2650
2653
2653
2653
2654
2657
2658
2659
2659
2660
2663
2663
2665
2666
2668
2671
2672
2676
2676
2676
2677
2678
2680
2683
2685
2685
2686
2688
2689
2690
2691
2692
2693
2694
2696
2696
2699
2700
2701
2702
2706
2706
2707
2708
2708
2708
2709
2709
2710
2712
2714
2718
2718
2718
2720
2721
2721
2722
2723
2726
2726
2727
2727
2727
2728
2729
2732
2737
2738
2740
2743
2745
2745
2745
2746
2749
2749
2751
2754
2756
2756
2758
2759
2759
2761
2763
2765
2766
2766
2767
2767
2768
2768
2768
2769
2770
2771
2774
2774
2776
2776
2777
2777
2779
2780
2781
2782
2782
2783
2783
2784
2788
2789
2789
2789
2789
2790
2793
2794
2795
2795
2797
2798
2798
2801
2801
2802
2803
2803
2803
2805
2805
2807
2808
2808
2809
2809
2809
2809
2810
2810
2810
2811
2813
2815
2815
2817
2818
2820
2821
2822
2823
2826
2827
2828
2828
2829
2830
2831
2833
2833
2836
2837
2838
2838
2839
2840
2840
2841
2843
2844
2845
2846
2847
2847
2847
2849
2849
2850
2850
2850
2851
2852
2852
2853
2854
2854
2854
2855
2857
2858
2859
2861
2862
2863
2865
2867
2867
2868
2868
2869
2871
2872
2872
2872
2874
2874
2875
2875
2875
2876
2877
2877
2877
2878
2882
2883
2884
2885
2885
2886
2888
2888
2889
2890
2890
2891
2891
2893
2893
2894
2895
2895
2897
2900
2902
2903
2905
2907
2907
2907
2909
2913
2914
2915
2916
2918
2919
2920
2920
2921
2922
2923
2924
2925
2926
2927
2927
2928
2928
2932
2934
2934
2937
2939
2941
2941
2943
2946
2947
2947
2948
2948
2950
2950
2950
2952
2952
2953
2958
2964
2964
2965
2965
2965
2965
2967
2968
2969
2970
2972
2974
2976
2977
2978
2978
2981
2982
2982
2984
2986
2986
2988
2990
2993
2993
2994
2996
2997
3000
3003
3006
3006
3007
3008
3008
3009
3010
3011
3014
3015
3015
3016
3016
3017
3018
3019
3024
3024
3025
3026
3027
3027
3027
3031
3032
3033
3035
3036
3037
3041
3043
3043
3045
3045
3045
3046
3046
3046
3047
3047
3048
3050
3052
3052
3053
3054
3054
3055
3056
3058
3059
3059
3060
3060
3067
3068
3068
3070
3071
3073
3073
3073
3074
3074
3078
3081
3082
3082
3084
3086
3086
3086
3087
3087
3087
3089
3089
3090
3094
3095
3097
3098
3100
3101
3105
3105
3106
3108
3112
3114
3115
3115
3118
3121
3121
3124
3125
3125
3126
3126
3129
3129
3130
3132
3132
3133
3134
3136
3137
3137
3137
3137
3137
3137
3139
3142
3143
3148
3149
3149
3150
3151
3152
3153
3154
3155
3156
3156
3156
3157
3158
3159
3159
3159
3160
3160
3162
3163
3166
3167
3168
3172
3173
3175
3175
3177
3177
3180
3180
3181
3181
3183
3184
3185
3185
3187
3187
3190
3192
3193
3194
3194
3195
3196
3197
3197
3197
3200
3200
3201
3202
3202
3202
3202
3202
3203
3203
3204
3204
3205
3207
3207
3207
3208
3209
3210
3210
3210
3211
3211
3212
3213
3213
3214
3214
3217
3222
3222
3223
3226
3227
3229
3231
3232
3234
3235
3236
3237
3238
3239
3240
3240
3240
3240
3241
3241
3243
3245
3245
3246
3248
3250
3251
3256
3256
3257
3257
3259
3260
3261
3261
3262
3263
3264
3264
3264
3265
3265
3265
3266
3268
3268
3269
3270
3270
3271
3273
3274
3275
3281
3283
3290
3290
3290
3292
3293
3294
3295
3295
3296
3296
3298
3298
3300
3300
3301
3301
3304
3305
3306
3310
3311
3312
3312
3312
3313
3314
3316
3316
3319
3322
3327
3328
3331
3333
3334
3336
3336
3341
3342
3345
3345
3345
3348
3350
3353
3353
3355
3355
3356
3356
3358
3359
3359
3360
3360
3360
3361
3361
3361
3363
3363
3363
3365
3366
3366
3368
3369
3369
3371
3372
3374
3375
3375
3376
3379
3381
3384
3386
3386
3386
3388
3389
3390
3394
3395
3396
3398
3400
3400
3401
3401
3403
3406
3406
3407
3407
3408
3408
3410
3410
3412
3413
3414
3415
3415
3417
3420
3422
3423
3424
3424
3426
3427
3428
3429
3430
3431
3431
3435
3436
3436
3436
3439
3439
3439
3439
3440
3443
3443
3444
3444
3446
3447
3450
3450
3452
3454
3455
3459
3465
3466
3467
3468
3468
3468
3468
3469
3469
3469
3470
3471
3472
3473
3473
3474
3474
3474
3475
3476
3476
3476
3477
3478
3479
3480
3480
3481
3481
3484
3484
3485
3487
3487
3490
3490
3493
3495
3495
3495
3497
3499
3499
3500
3504
3506
3509
3509
3510
3510
3514
3514
3515
3521
3525
3526
3528
3528
3531
3532
3532
3533
3533
3533
3535
3536
3537
3537
3541
3542
3544
3547
3547
3548
3549
3549
3550
3551
3551
3551
3555
3556
3559
3559
3561
3561
3562
3562
3562
3565
3569
3572
3572
3573
3576
3577
3578
3580
3581
3586
3587
3591
3591
3593
3597
3597
3598
3598
3598
3599
3599
3600
3601
3601
3603
3607
3607
3608
3609
3612
3615
3616
3616
3617
3619
3621
3621
3622
3623
3623
3624
3624
3626
3629
3632
3633
3635
3637
3638
3639
3641
3644
3645
3646
3646
3647
3648
3648
3649
3652
3653
3654
3654
3655
3658
3658
3660
3660
3665
3666
3667
3667
3668
3668
3670
3670
3670
3671
3671
3672
3672
3672
3673
3674
3674
3674
3675
3675
3677
3677
3678
3681
3682
3682
3684
3685
3687
3687
3690
3691
3691
3691
3693
3693
3695
3696
3698
3702
3703
3705
3706
3707
3707
3707
3710
3712
3714
3714
3716
3717
3718
3718
3719
3721
3721
3723
3724
3726
3727
3727
3727
3728
3728
3728
3731
3732
3734
3735
3736
3737
3737
3738
3740
3741
3742
3743
3743
3743
3744
3745
3749
3750
3752
3758
3759
3763
3764
3764
3765
3765
3767
3767
3768
3769
3769
3769
3771
3771
3772
3774
3776
3778
3779
3781
3782
3783
3783
3785
3786
3788
3790
3790
3792
3792
3794
3794
3794
3795
3796
3797
3798
3798
3798
3798
3802
3803
3805
3809
3810
3815
3819
3820
3821
3822
3824
3825
3826
3832
3832
3834
3835
3836
3837
3840
3840
3842
3842
3844
3849
3850
3853
3856
3856
3857
3857
3857
3858
3858
3860
3861
3862
3865
3867
3867
3867
3867
3869
3871
3872
3873
3874
3874
3875
3876
3877
3878
3879
3879
3881
3881
3883
3884
3884
3886
3888
3889
3892
3893
3894
3895
3895
3897
3898
3898
3900
3904
3904
3905
3905
3905
3905
3907
3907
3908
3908
3908
3909
3910
3914
3914
3915
3915
3915
3916
3917
3917
3919
3920
3920
3922
3922
3925
3925
3925
3927
3929
3933
3933
3936
3938
3938
3941
3942
3942
3943
3944
3945
3946
3950
3951
3954
3956
3956
3956
3959
3960
3961
3961
3961
3962
3963
3965
3965
3970
3971
3971
3975
3980
3981
3984
3984
3984
3986
3989
3989
3992
3992
3995
3995
3997
4002
4004
4006
4007
4008
4011
4013
4014
4015
4016
4017
4018
4019
4020
4020
4021
4021
4022
4023
4025
4025
4027
4027
4028
4029
4030
4030
4030
4031
4032
4032
4032
4032
4033
4033
4034
4036
4037
4038
4039
4040
4041
4044
4046
4049
4051
4052
4052
4055
4063
4063
4063
4068
4070
4072
4072
4073
4074
4074
4075
4075
4076
4078
4081
4082
4087
4089
4089
4090
4092
4094
4096
4097
4100
4102
4107
4110
4112
4115
4115
4116
4118
4121
4122
4128
4128
4130
4131
4132
4132
4137
4138
4139
4140
4140
4142
4145
4148
4149
4149
4150
4151
4154
4155
4155
4157
4158
4158
4159
4160
4161
4161
4161
4163
4164
4165
4165
4167
4168
4170
4171
4171
4172
4173
4175
4175
4179
4182
4183
4185
4188
4189
4190
4190
4192
4192
4194
4195
4197
4199
4199
4199
4202
4203
4203
4204
4205
4205
4207
4207
4207
4208
4212
4215
4218
4220
4223
4226
4227
4227
4227
4229
4229
4232
4235
4235
4236
4240
4240
4243
4246
4247
4250
4252
4254
4256
4258
4262
4262
4263
4263
4264
4269
4269
4269
4274
4278
4278
4283
4283
4285
4286
4287
4288
4289
4290
4290
4296
4298
4298
4302
4302
4303
4304
4304
4313
4314
4315
4318
4321
4322
4324
4326
4329
4329
4330
4333
4333
4334
4340
4341
4342
4345
4348
4349
4351
4353
4356
4357
4358
4359
4359
4359
4366
4367
4368
4370
4375
4376
4376
4377
4379
4379
4381
4383
4384
4385
4388
4389
4389
4390
4391
4391
4393
4394
4395
4399
4399
4401
4403
4403
4409
4409
4411
4411
4411
4414
4416
4417
4424
4428
4428
4429
4429
4429
4431
4431
4432
4433
4435
4436
4437
4437
4441
4441
4441
4443
4446
4449
4451
4452
4452
4456
4456
4457
4458
4459
4461
4462
4464
4466
4468
4469
4470
4471
4476
4477
4485
4485
4487
4488
4488
4488
4489
4492
4494
4494
4496
4496
4498
4499
4500
4504
4506
4507
4509
4512
4512
4514
4517
4518
4522
4523
4525
4526
4528
4530
4534
4534
4536
4536
4537
4539
4539
4540
4540
4544
4545
4546
4547
4551
4553
4553
4553
4555
4558
4560
4560
4561
4561
4565
4567
4567
4570
4571
4573
4576
4577
4577
4581
4583
4584
4589
4589
4593
4595
4596
4600
4601
4601
4601
4602
4603
4604
4606
4607
4608
4613
4614
4615
4616
4620
4621
4623
4626
4628
4630
4631
4631
4631
4633
4633
4639
4640
4642
4642
4643
4643
4643
4646
4651
4652
4653
4654
4656
4656
4657
4658
4660
4661
4661
4663
4663
4663
4664
4665
4665
4665
4669
4670
4671
4673
4675
4679
4681
4684
4688
4688
4689
4693
4696
4697
4702
4704
4705
4706
4706
4709
4709
4710
4711
4713
4714
4716
4716
4716
4717
4718
4720
4720
4720
4722
4725
4728
4729
4731
4740
4741
4742
4743
4745
4745
4750
4753
4763
4768
4771
4772
4772
4774
4779
4779
4780
4782
4787
4788
4790
4791
4792
4792
4795
4795
4796
4796
4798
4799
4800
4804
4805
4809
4811
4813
4813
4814
4815
4816
4817
4817
4820
4820
4821
4822
4829
4830
4832
4833
4834
4834
4836
4838
4839
4841
4842
4842
4843
4844
4847
4848
4850
4850
4851
4853
4853
4859
4860
4870
4870
4871
4871
4876
4877
4878
4879
4881
4882
4886
4887
4890
4891
4893
4896
4896
4901
4902
4903
4904
4904
4909
4916
4917
4917
4918
4920
4920
4922
4928
4929
4938
4939
4944
4952
4955
4957
4958
4959
4960
4962
4972
4980
4982
4984
4985
4986
4987
4988
4991
4993
4995
4996
4996
4999
5004
5007
5008
5012
5015
5017
5018
5018
5020
5023
5024
5027
5027
5029
5029
5030
5031
5031
5034
5036
5036
5038
5039
5042
5044
5045
5046
5048
5048
5053
5053
5056
5056
5060
5060
5060
5060
5063
5065
5067
5068
5068
5069
5069
5077
5077
5079
5080
5080
5081
5083
5085
5094
5095
5102
5104
5108
5109
5113
5114
5114
5116
5120
5123
5124
5126
5127
5128
5128
5128
5130
5134
5139
5141
5141
5144
5145
5146
5146
5151
5153
5155
5155
5156
5162
5162
5164
5166
5166
5167
5168
5168
5169
5169
5171
5172
5174
5178
5179
5185
5185
5199
5199
5202
5203
5203
5204
5205
5210
5210
5210
5212
5212
5213
5213
5214
5215
5217
5218
5218
5221
5225
5227
5229
5232
5234
5236
5239
5242
5244
5252
5255
5258
5262
5264
5264
5266
5267
5267
5268
5271
5272
5272
5274
5280
5282
5284
5293
5293
5295
5299
5301
5302
5307
5310
5310
5311
5312
5313
5321
5323
5325
5327
5332
5334
5338
5339
5344
5344
5349
5349
5353
5353
5355
5357
5357
5359
5361
5364
5365
5367
5370
5370
5370
5373
5374
5377
5378
5379
5380
5383
5384
5387
5387
5388
5391
5392
5394
5396
5397
5397
5399
5400
5400
5405
5414
5414
5415
5416
5417
5424
5424
5429
5431
5432
5433
5433
5434
5437
5437
5442
5443
5445
5448
5451
5451
5453
5455
5463
5463
5469
5470
5477
5480
5481
5483
5483
5484
5485
5485
5486
5487
5489
5491
5493
5493
5494
5494
5495
5498
5499
5499
5501
5501
5502
5507
5509
5510
5511
5512
5514
5514
5515
5516
5518
5519
5522
5524
5527
5527
5530
5531
5531
5536
5543
5544
5547
5548
5550
5550
5557
5560
5562
5570
5573
5574
5576
5578
5581
5582
5583
5585
5585
5585
5585
5589
5589
5590
5590
5593
5596
5598
5602
5604
5604
5609
5610
5614
5618
5631
5631
5632
5632
5634
5634
5636
5638
5639
5641
5641
5642
5643
5644
5646
5647
5647
5650
5657
5661
5661
5662
5667
5671
5675
5677
5681
5684
5686
5688
5690
5690
5690
5690
5693
5693
5695
5698
5698
5702
5703
5703
5704
5708
5709
5713
5716
5719
5721
5724
5725
5729
5729
5729
5731
5737
5739
5740
5742
5746
5747
5750
5771
5775
5775
5776
5777
5778
5778
5779
5783
5785
5786
5790
5792
5794
5795
5796
5802
5803
5807
5808
5812
5817
5818
5819
5824
5828
5831
5833
5835
5836
5836
5843
5845
5845
5848
5858
5858
5859
5863
5864
5865
5866
5869
5879
5889
5894
5900
5900
5901
5905
5905
5906
5909
5909
5910
5913
5914
5914
5916
5920
5920
5926
5926
5927
5930
5936
5940
5942
5942
5943
5950
5951
5951
5952
5958
5958
5959
5961
5962
5966
5966
5966
5967
5967
5971
5972
5973
5975
5977
5979
5982
5983
5984
5984
5985
5988
5991
5993
5996
5996
6001
6002
6002
6010
6011
6012
6013
6013
6016
6018
6019
6025
6026
6029
6029
6031
6036
6045
6046
6053
6057
6060
6060
6061
6062
6063
6069
6072
6073
6075
6076
6076
6079
6082
6082
6087
6087
6088
6090
6093
6099
6105
6109
6109
6111
6111
6116
6122
6123
6124
6126
6126
6129
6131
6131
6132
6132
6135
6136
6137
6140
6141
6142
6147
6148
6154
6155
6159
6161
6166
6167
6168
6169
6171
6172
6175
6176
6176
6176
6177
6178
6178
6179
6181
6181
6182
6182
6185
6186
6193
6195
6200
6200
6201
6202
6207
6213
6214
6216
6217
6218
6218
6219
6219
6220
6224
6225
6226
6226
6230
6236
6237
6237
6238
6239
6240
6241
6242
6242
6245
6250
6252
6255
6265
6267
6286
6286
6289
6291
6294
6298
6303
6303
6308
6310
6314
6316
6318
6318
6320
6322
6322
6322
6330
6330
6332
6336
6337
6340
6343
6343
6344
6346
6346
6348
6372
6374
6377
6378
6379
6382
6383
6388
6388
6389
6395
6395
6395
6397
6400
6407
6410
6416
6416
6417
6424
6424
6427
6427
6428
6428
6438
6442
6443
6451
6453
6454
6454
6454
6455
6458
6460
6463
6466
6468
6470
6471
6474
6474
6480
6487
6489
6489
6489
6490
6490
6491
6496
6498
6504
6505
6509
6511
6511
6515
6515
6519
6520
6521
6525
6525
6526
6526
6532
6535
6538
6541
6545
6552
6554
6555
6559
6560
6560
6564
6567
6572
6572
6572
6576
6576
6577
6581
6587
6594
6596
6611
6612
6617
6621
6636
6636
6640
6643
6644
6645
6649
6652
6655
6656
6658
6660
6662
6662
6664
6670
6683
6685
6689
6692
6693
6695
6696
6697
6699
6703
6708
6708
6711
6715
6718
6719
6726
6727
6727
6737
6740
6747
6749
6751
6752
6753
6759
6759
6760
6764
6765
6767
6768
6769
6775
6779
6780
6781
6783
6784
6788
6789
6791
6794
6795
6796
6799
6815
6817
6817
6821
6821
6822
6832
6833
6841
6845
6854
6862
6863
6864
6864
6867
6868
6873
6874
6878
6887
6895
6896
6901
6908
6908
6910
6921
6922
6923
6928
6930
6933
6937
6940
6949
6950
6950
6952
6957
6958
6958
6964
6964
6966
6966
6967
6973
6985
6987
6987
6988
6991
6993
6994
6995
6996
6996
6999
7000
7003
7004
7010
7016
7016
7020
7023
7030
7032
7035
7036
7037
7044
7045
7048
7050
7051
7053
7056
7057
7062
7066
7070
7071
7077
7080
7081
7081
7089
7089
7097
7100
7102
7106
7108
7112
7113
7113
7118
7121
7121
7122
7123
7124
7127
7127
7127
7135
7139
7141
7144
7153
7158
7162
7164
7165
7166
7173
7173
7173
7174
7178
7184
7187
7188
7189
7207
7210
7211
7217
7218
7224
7226
7227
7244
7246
7246
7248
7260
7270
7273
7274
7274
7278
7279
7280
7283
7285
7287
7290
7291
7304
7309
7314
7318
7318
7325
7327
7327
7327
7327
7331
7332
7337
7338
7349
7350
7353
7358
7358
7360
7360
7361
7361
7372
7373
7376
7379
7388
7392
7392
7392
7399
7400
7403
7411
7413
7414
7416
7418
7419
7421
7425
7426
7431
7433
7437
7438
7448
7452
7455
7456
7456
7462
7473
7477
7480
7480
7484
7489
7490
7491
7508
7520
7521
7524
7529
7531
7538
7553
7561
7569
7570
7573
7585
7586
7588
7595
7596
7596
7596
7597
7601
7603
7608
7612
7625
7627
7631
7637
7639
7642
7642
7647
7656
7662
7662
7665
7674
7676
7677
7680
7681
7683
7684
7684
7686
7690
7692
7694
7695
7696
7696
7708
7711
7711
7713
7713
7715
7719
7724
7726
7726
7728
7729
7731
7736
7742
7745
7750
7755
7755
7757
7762
7763
7768
7768
7769
7772
7780
7781
7781
7782
7785
7787
7789
7794
7798
7798
7803
7804
7804
7818
7819
7821
7822
7824
7834
7837
7837
7838
7847
7852
7857
7860
7866
7867
7871
7883
7884
7886
7888
7892
7894
7895
7897
7900
7903
7908
7908
7914
7919
7922
7926
7928
7932
7942
7944
7945
7945
7948
7948
7950
7958
7959
7962
7965
7966
7972
7978
7986
7995
8005
8007
8014
8015
8017
8019
8020
8021
8023
8031
8039
8042
8047
8055
8058
8062
8066
8074
8075
8082
8085
8085
8087
8091
8091
8091
8096
8099
8103
8104
8115
8118
8128
8131
8139
8142
8145
8147
8148
8149
8149
8150
8151
8165
8166
8169
8181
8185
8187
8207
8208
8211
8215
8216
8222
8223
8226
8233
8238
8247
8248
8250
8251
8252
8253
8254
8254
8256
8257
8258
8259
8262
8263
8271
8271
8276
8277
8289
8297
8315
8320
8326
8332
8341
8351
8357
8359
8373
8374
8375
8385
8387
8393
8396
8398
8398
8402
8404
8404
8405
8407
8416
8418
8420
8423
8427
8429
8435
8438
8439
8442
8446
8451
8454
8461
8461
8467
8476
8480
8486
8490
8492
8493
8497
8506
8519
8524
8525
8528
8534
8536
8540
8543
8547
8549
8549
8551
8554
8558
8565
8566
8568
8568
8572
8574
8581
8584
8587
8587
8592
8593
8594
8598
8600
8600
8609
8609
8610
8612
8625
8628
8632
8647
8648
8648
8649
8650
8657
8657
8657
8661
8663
8668
8680
8687
8691
8692
8694
8699
8704
8705
8707
8707
8713
8718
8722
8728
8739
8743
8743
8751
8753
8764
8768
8772
8772
8773
8786
8789
8799
8801
8805
8809
8813
8815
8816
8819
8820
8821
8823
8832
8834
8835
8836
8837
8840
8862
8862
8867
8880
8887
8887
8889
8890
8904
8907
8908
8916
8917
8918
8923
8937
8939
8944
8947
8958
8958
8967
8977
8992
8996
9001
9003
9007
9017
9029
9036
9037
9053
9055
9061
9065
9071
9073
9080
9083
9087
9087
9088
9090
9108
9118
9130
9134
9135
9139
9141
9145
9146
9149
9159
9165
9173
9188
9190
9191
9203
9205
9206
9212
9213
9219
9221
9223
9228
9230
9240
9241
9245
9247
9251
9252
9276
9276
9279
9297
9306
9307
9308
9310
9314
9320
9321
9325
9336
9336
9337
9338
9339
9343
9346
9349
9363
9367
9368
9369
9371
9372
9379
9379
9385
9406
9406
9415
9422
9424
9424
9427
9433
9444
9459
9460
9464
9467
9468
9471
9471
9476
9479
9489
9490
9490
9490
9512
9513
9518
9528
9529
9533
9534
9540
9543
9543
9548
9553
9557
9572
9582
9592
9599
9603
9608
9627
9629
9630
9633
9639
9647
9650
9651
9651
9671
9673
9683
9684
9690
9693
9696
9699
9709
9714
9714
9730
9734
9734
9754
9766
9768
9774
9776
9781
9791
9792
9797
9819
9819
9822
9831
9833
9841
9841
9853
9859
9866
9868
9869
9870
9875
9879
9881
9882
9885
9888
9891
9891
9900
9908
9908
9927
9930
9950
9959
9962
9963
9976
9980
9980
9990
10003
10026
10032
10035
10037
10039
10041
10056
10068
10068
10074
10090
10092
10101
10108
10110
10119
10130
10136
10144
10150
10157
10176
10180
10181
10182
10192
10197
10197
10199
10227
10239
10249
10254
10257
10257
10262
10264
10307
10308
10312
10315
10319
10320
10343
10348
10359
10364
10370
10379
10380
10401
10402
10447
10448
10449
10451
10460
10461
10481
10501
10515
10515
10518
10521
10545
10545
10554
10562
10571
10578
10578
10580
10589
10592
10600
10602
10605
10611
10612
10645
10646
10649
10665
10665
10667
10673
10683
10698
10703
10731
10742
10755
10762
10767
10774
10786
10790
10793
10800
10811
10812
10823
10834
10835
10836
10850
10856
10893
10907
10913
10928
10933
10940
10959
10960
10972
10976
10979
10981
10981
10988
10999
11008
11008
11010
11022
11023
11030
11033
11034
11040
11048
11054
11057
11068
11069
11073
11074
11081
11099
11116
11120
11121
11135
11138
11153
11169
11188
11188
11194
11198
11199
11213
11227
11229
11244
11246
11246
11268
11276
11277
11297
11301
11301
11309
11309
11317
11328
11331
11344
11350
11358
11368
11386
11416
11418
11420
11441
11443
11445
11451
11460
11465
11492
11498
11502
11506
11514
11517
11517
11530
11543
11549
11554
11566
11578
11585
11596
11605
11624
11630
11632
11649
11651
11653
11658
11666
11689
11708
11724
11730
11737
11741
11741
11752
11754
11758
11759
11776
11785
11799
11805
11806
11813
11833
11842
11848
11851
11856
11860
11865
11868
11880
11884
11888
11890
11906
11908
11914
11920
11938
11942
11948
11958
11967
11968
11973
11975
11983
11997
12002
12014
12026
12033
12041
12042
12050
12069
12077
12096
12131
12144
12147
12148
12176
12179
12183
12193
12207
12214
12244
12248
12249
12250
12252
12259
12283
12283
12296
12309
12313
12319
12322
12332
12351
12357
12362
12364
12366
12376
12387
12397
12397
12398
12400
12444
12462
12515
12524
12543
12552
12578
12593
12594
12602
12618
12630
12644
12664
12669
12669
12669
12688
12695
12712
12729
12740
12766
12772
12794
12802
12805
12807
12828
12830
12848
12849
12849
12862
12870
12884
12884
12888
12893
12918
12924
12927
12929
12930
12931
12931
12981
12983
13000
13020
13027
13034
13048
13053
13056
13064
13073
13083
13109
13126
13134
13136
13165
13177
13178
13193
13194
13215
13235
13237
13250
13252
13257
13258
13261
13262
13269
13275
13292
13297
13305
13314
13330
13333
13362
13372
13379
13387
13390
13401
13406
13415
13426
13430
13433
13463
13474
13475
13483
13485
13504
13520
13530
13545
13550
13576
13587
13590
13596
13597
13599
13602
13638
13640
13642
13647
13660
13678
13691
13696
13700
13735
13740
13743
13749
13750
13752
13762
13766
13792
13814
13815
13832
13871
13874
13935
13938
13939
13958
13959
13963
13976
13987
13988
14015
14025
14032
14036
14050
14060
14086
14101
14144
14150
14151
14163
14178
14238
14243
14244
14248
14277
14278
14295
14312
14338
14345
14373
14393
14402
14403
14447
14472
14498
14503
14508
14524
14533
14546
14548
14553
14570
14599
14619
14632
14638
14655
14657
14725
14730
14762
14783
14797
14800
14809
14845
14850
14853
14867
14901
14904
14920
14923
14926
14946
14947
14948
14960
14961
14963
15009
15010
15016
15030
15034
15037
15048
15049
15053
15053
15102
15153
15156
15159
15195
15198
15224
15227
15233
15236
15268
15378
15410
15428
15452
15458
15518
15536
15538
15558
15581
15618
15622
15651
15654
15655
15666
15672
15677
15702
15705
15724
15753
15791
15821
15828
15838
15856
15863
15904
15912
15950
15969
15983
16014
16019
16072
16098
16107
16114
16137
16158
16201
16253
16255
16361
16403
16408
16443
16529
16531
16547
16547
16592
16622
16624
16668
16697
16700
16722
16727
16727
16785
16788
16805
16822
16849
16855
16871
16982
16983
16999
17009
17030
17031
17031
17045
17050
17053
17070
17072
17073
17093
17104
17107
17121
17141
17167
17169
17222
17300
17306
17320
17326
17328
17374
17380
17397
17417
17476
17495
17524
17546
17563
17609
17627
17635
17661
17709
17714
17731
17733
17735
17739
17756
17831
17842
17845
17859
17893
17896
17927
17936
17944
17950
17987
17995
18000
18006
18010
18061
18100
18104
18162
18188
18207
18207
18236
18239
18244
18249
18269
18276
18279
18281
18297
18320
18338
18344
18369
18374
18387
18395
18418
18428
18434
18437
18468
18517
18533
18549
18550
18658
18660
18757
18774
18774
18816
18857
18865
18874
18909
18910
18917
18929
18941
18943
19024
19033
19034
19066
19080
19102
19110
19132
19161
19222
19240
19250
19261
19282
19302
19342
19348
19385
19422
19440
19449
19497
19516
19540
19543
19576
19696
19858
19885
19895
19899
19915
19943
19944
20025
20052
20077
20117
20165
20201
20239
20251
20278
20291
20326
20381
20396
20414
20425
20432
20438
20487
20492
20560
20567
20570
20610
20618
20639
20699
20713
20738
20761
20829
20833
20841
20863
20864
20898
20929
20940
20951
20986
20996
21001
21005
21008
21059
21064
21075
21117
21124
21125
21135
21177
21264
21279
21291
21443
21476
21550
21563
21650
21673
21687
21688
21698
21705
21719
21781
21790
21838
21840
21844
21870
21881
21886
21889
21935
21948
22081
22132
22143
22165
22191
22334
22351
22363
22392
22437
22456
22462
22527
22533
22612
22674
22681
22695
22739
22823
22898
22931
23031
23033
23055
23057
23170
23196
23198
23254
23276
23277
23359
23459
23472
23474
23514
23517
23525
23576
23624
23630
23630
23633
23656
23727
23737
23769
23839
23866
23922
23950
23951
23966
24021
24033
24063
24076
24300
24338
24376
24379
24505
24513
24531
24540
24652
25022
25144
25202
25284
25346
25501
25508
25517
25526
25587
25640
25896
25901
25903
25946
26014
26104
26108
26207
26239
26385
26385
26387
26495
26523
26804
26822
26833
26835
26963
27019
27019
27384
27487
27887
28081
28085
28115
28175
28210
28254
28277
28310
28425
28477
28653
28777
29000
29045
29049
29073
29113
29142
29181
29258
29421
29588
29603
29637
29750
29767
29859
29975
30111
30122
30124
30287
30424
30447
30516
30523
30632
31007
31120
31127
31180
31255
31330
31356
31503
31790
31793
31821
32013
32149
32323
32401
32457
32806
32817
32833
32979
33022
33164
33170
33180
33208
33239
33318
33482
33597
33819
33843
34065
34077
34090
34242
34484
34490
34597
34649
34664
34671
34737
34747
34864
35055
35206
35622
35689
36105
36431
36594
36739
36884
37087
37141
37177
37246
37269
37290
37352
37466
37612
37932
38114
38700
38753
38821
38877
39029
39248
39335
39352
39354
39685
39696
39698
39844
39952
40131
40146
40233
40511
40513
40715
41418
41600
41627
41865
42296
42426
42650
42651
42771
42831
43268
43432
43586
43940
45341
45739
45876
47143
48650
49213
54500
56259
56388
56476
58022
58093
60961
61090
62272
62683
63886
64229
66014
70673
70889
72809
73234
77971
78967
81569
81615
83274
83947
84563
84787
85705
86555
87191
87881
88525
89475
89628
90093
106503
107497
126380
127376
