0
0
0
0
0
0
0
0
0
0
1
1
1
1
1
1
1
1
2
2
2
2
2
2
2
2
3
4
5
5
5
5
5
5
6
6
6
6
7
7
7
8
8
9
10
10
11
11
12
12
12
13
13
13
13
14
15
15
15
16
16
16
17
17
17
18
18
18
18
20
21
21
22
23
23
23
23
26
26
27
27
27
28
28
28
28
29
29
30
30
30
30
31
32
32
33
34
35
36
36
36
37
39
39
39
39
40
41
42
42
43
43
44
44
45
45
46
48
50
51
51
52
53
54
54
55
56
56
56
56
56
56
56
57
58
60
60
60
60
60
61
63
63
63
63
65
66
68
68
69
69
70
70
70
71
71
71
71
73
73
74
74
75
77
78
78
80
82
86
86
86
87
87
89
89
89
90
91
92
92
99
104
104
104
106
106
108
108
113
113
116
118
118
121
123
127
127
128
131
137
138
138
138
139
144
150
150
150
152
157
160
169
169
173
178
181
181
182
185
186
196
201
215
219
219
220
221
221
231
234
239
242
246
247
247
248
256
260
260
263
263
269
271
272
309
327
327
340
342
369
377
379
385
398
406
449
467
502
510
515
534
535
537
544
558
598
598
618
627
690
698
729
903
1077
1134
1176
1259
1444
1518
1781
2426
