
































1
1
1
1
1
1
1
1
2
3
3
3
3
4
5
5
5
5
5
6
6
6
7
7
7
7
8
8
8
8
9
10
10
11
12
12
14
14
14
15
16
16
16
16
16
17
17
17
18
18
18
18
20
21
21
21
21
21
21
23
24
24
24
25
26
27
28
28
28
28
28
28
28
29
29
29
30
30
30
30
31
32
32
32
32
33
33
33
34
35
35
36
36
36
36
36
36
36
37
37
37
38
38
39
39
39
39
40
40
40
40
40
42
42
43
43
43
44
45
45
45
46
47
48
48
48
48
48
49
49
49
49
49
51
51
52
52
53
53
53
56
56
57
57
58
58
59
59
60
60
62
62
62
64
65
65
65
65
65
65
66
66
67
67
68
68
68
69
69
69
69
70
70
70
70
70
71
71
71
72
72
72
72
74
74
74
74
75
75
75
75
76
76
77
78
79
79
80
80
81
81
81
81
82
82
82
83
83
85
85
86
86
87
87
87
87
88
88
89
89
89
89
90
90
90
91
91
91
92
92
93
93
94
94
94
95
95
95
96
96
96
96
97
97
97
98
98
99
99
101
103
103
103
103
104
104
104
104
105
106
106
106
107
107
107
109
110
110
111
111
111
112
113
113
113
114
114
115
115
115
117
117
117
118
119
119
120
121
122
122
123
123
123
123
124
124
125
125
125
125
126
126
126
127
127
127
127
128
128
128
128
129
129
129
131
131
131
132
132
132
132
133
133
133
134
135
135
135
135
135
135
135
136
136
138
138
138
138
139
139
139
140
141
141
142
143
144
144
145
145
145
145
146
146
146
147
147
147
148
149
150
150
151
151
152
152
152
153
153
154
155
155
157
158
158
158
158
159
159
160
161
161
161
162
162
163
163
164
165
165
166
166
166
167
167
167
168
168
168
168
169
169
170
170
170
170
171
171
172
172
172
173
173
173
175
175
175
176
176
177
177
178
178
178
179
179
180
180
180
180
180
180
182
183
183
184
184
184
184
184
185
185
186
186
187
187
188
188
188
189
189
189
189
190
190
190
191
191
191
192
192
193
193
193
194
194
194
195
195
196
196
196
196
196
197
198
201
201
202
202
203
203
203
203
204
205
205
206
208
209
210
211
211
211
212
212
213
213
214
214
214
215
216
217
217
218
219
219
219
220
220
220
221
221
222
222
222
223
223
223
223
224
225
225
226
226
226
226
227
227
228
228
229
230
230
230
230
230
231
232
232
232
233
233
233
233
234
234
235
235
235
236
236
236
236
237
238
239
239
242
242
243
244
244
245
245
245
246
247
247
248
249
249
250
250
251
251
251
252
252
252
252
255
255
257
257
259
259
259
259
260
260
260
260
261
261
261
261
262
262
262
263
263
263
264
264
265
265
267
267
267
267
267
268
268
268
269
269
270
270
270
271
271
271
271
272
274
274
275
276
276
276
277
277
277
277
277
277
277
278
278
279
280
280
281
282
282
282
283
283
283
284
284
284
285
285
285
285
285
285
287
288
288
289
289
289
290
291
291
291
291
291
292
292
292
293
293
294
294
295
295
295
295
295
296
296
296
297
297
298
299
299
300
301
301
302
302
302
302
302
303
304
304
304
305
305
305
305
306
306
307
307
307
308
308
308
308
309
310
310
310
311
311
311
311
312
313
313
313
314
314
314
315
315
315
316
317
317
318
318
318
318
319
319
319
320
321
321
322
322
323
323
325
325
325
326
326
327
327
327
328
329
329
329
329
329
330
331
331
331
331
332
332
333
334
334
334
334
334
335
335
336
336
336
336
336
336
337
337
338
338
338
339
339
339
340
340
340
341
341
341
341
341
341
343
343
343
343
343
344
344
344
344
345
346
346
346
347
347
347
348
348
349
349
349
350
350
350
350
351
351
351
352
352
352
352
353
353
353
353
353
353
354
354
355
355
355
356
356
356
357
357
357
357
357
358
359
359
360
360
360
361
361
361
361
361
362
362
363
363
363
364
364
365
365
365
366
367
367
367
369
370
371
371
371
372
372
373
373
373
373
373
373
374
374
375
375
375
376
377
377
377
377
377
379
379
380
380
381
381
382
382
385
385
385
386
386
386
387
387
388
389
389
390
390
390
390
390
390
391
391
391
391
392
392
393
393
394
395
396
396
396
397
397
397
398
398
398
399
399
399
400
401
401
401
401
402
402
403
404
404
404
405
406
406
407
408
409
410
410
410
411
412
412
413
413
413
415
415
415
415
416
416
416
416
417
417
417
417
417
417
418
418
419
419
420
420
420
422
422
422
423
423
423
423
424
425
425
425
426
428
428
428
429
429
429
430
430
430
431
431
432
432
433
433
433
434
434
434
434
434
435
435
435
435
435
436
436
436
437
437
437
438
439
439
441
442
442
443
443
443
443
444
445
445
445
445
446
446
446
446
446
446
449
450
450
451
451
452
453
453
454
454
454
454
455
456
456
456
456
457
457
458
458
459
459
460
460
461
462
462
463
464
465
466
466
466
466
466
467
468
468
468
469
469
469
469
470
471
471
471
471
475
476
476
476
476
476
476
477
477
478
479
480
480
480
480
480
481
482
483
483
483
484
484
486
486
486
487
487
487
487
488
489
489
489
490
491
491
491
492
492
492
493
494
494
494
494
495
495
495
495
495
496
496
497
497
497
498
498
499
500
500
500
500
500
500
501
501
501
502
502
503
503
504
504
504
505
505
506
506
507
507
508
510
510
510
510
511
511
511
512
512
513
513
513
513
514
515
515
516
516
517
517
518
518
519
519
520
520
520
520
520
521
521
521
522
522
524
524
524
524
524
524
524
525
525
525
526
526
527
527
528
528
528
528
529
530
530
530
531
532
533
533
533
533
534
535
535
535
536
536
536
537
537
538
538
538
539
539
539
540
540
540
540
540
541
541
541
542
543
544
544
546
547
548
548
548
548
549
550
550
550
550
550
550
550
550
551
552
552
553
553
553
555
555
555
555
556
556
556
558
558
558
558
558
559
559
560
560
560
560
561
562
562
562
563
564
564
564
565
565
565
565
565
565
566
566
566
567
568
569
569
569
570
570
570
571
571
571
571
572
572
573
574
575
576
576
576
576
576
576
577
577
578
578
580
580
580
580
581
581
582
582
583
583
583
584
584
585
585
586
586
586
587
588
589
589
589
589
590
592
592
593
593
593
594
594
595
595
595
596
596
598
599
599
599
599
599
600
600
602
602
604
604
604
605
605
605
606
606
607
607
607
608
608
609
609
610
610
610
610
611
611
612
612
613
614
614
614
615
615
615
616
617
617
617
617
618
618
618
618
618
619
620
620
621
621
621
622
622
622
623
623
624
624
625
625
625
625
625
625
625
626
627
627
627
627
628
628
629
629
629
629
629
629
631
632
633
633
633
634
634
635
635
635
635
636
636
637
637
637
638
639
639
640
640
640
640
640
641
641
642
643
644
644
644
645
646
646
646
646
647
647
649
649
649
649
649
649
651
652
652
652
653
653
653
654
655
655
655
656
656
656
657
657
658
658
658
659
659
660
660
660
661
661
662
662
663
663
663
663
663
664
665
665
665
666
666
666
666
668
668
669
669
670
670
670
671
671
672
672
674
674
675
675
676
677
678
678
678
679
679
679
680
680
680
682
682
683
684
685
685
686
687
687
687
687
687
688
688
689
689
690
690
690
691
691
691
692
692
693
693
695
695
695
696
698
698
698
700
701
701
701
701
702
702
703
704
704
704
705
705
705
706
706
708
708
709
710
710
710
710
710
711
711
711
711
712
712
712
712
713
714
714
715
715
715
716
717
718
718
718
718
719
719
719
720
720
721
721
721
722
723
724
724
724
724
725
725
726
726
727
727
727
728
728
728
728
728
730
730
730
730
731
732
733
733
733
735
736
736
737
737
737
737
738
738
740
741
741
741
742
742
743
743
744
744
745
745
745
745
745
746
747
747
748
748
748
749
749
749
749
749
750
751
751
751
752
753
753
753
754
754
754
755
755
755
756
756
757
757
757
758
758
759
760
761
761
763
764
765
765
767
767
767
768
769
769
770
770
770
770
770
770
771
772
773
773
773
774
775
775
775
775
776
776
776
776
777
777
777
778
778
778
779
780
780
781
781
781
781
782
782
782
782
785
786
786
787
787
787
787
789
789
789
789
789
791
791
792
792
792
793
794
795
795
795
796
796
797
797
797
798
798
799
799
799
800
800
800
801
801
801
802
802
802
803
803
804
804
804
804
805
805
805
806
807
807
807
808
808
809
809
811
811
811
811
812
813
813
813
813
814
816
816
816
816
817
817
818
819
820
821
821
821
822
823
824
825
825
825
827
827
827
828
829
829
830
830
830
830
831
831
831
831
831
832
832
833
833
833
834
835
836
837
838
839
839
840
841
842
843
843
843
843
843
844
844
844
844
845
846
846
847
847
847
848
848
851
852
852
853
853
853
853
853
855
855
855
856
856
856
857
858
858
858
858
859
859
860
860
860
860
861
861
861
861
861
861
861
861
862
862
862
862
863
863
864
864
864
864
864
865
865
866
866
866
867
867
868
869
869
869
869
870
871
871
872
873
873
873
873
874
874
874
874
874
875
875
876
876
877
878
878
879
879
880
881
882
882
882
882
883
883
884
885
885
885
885
886
886
888
888
888
889
889
890
890
892
892
893
893
894
895
895
896
896
896
896
896
897
897
897
898
898
898
899
899
899
900
900
900
900
901
901
902
902
903
904
904
905
905
905
906
907
907
908
908
908
908
909
910
911
911
911
912
912
913
914
914
914
914
914
915
915
916
916
917
917
918
919
920
920
921
922
922
922
923
923
923
923
924
924
925
925
925
925
926
926
926
926
926
926
927
927
927
927
928
928
928
928
929
931
931
932
933
934
934
935
935
935
936
937
938
939
940
940
941
941
941
942
942
943
945
946
947
948
949
952
952
953
954
955
958
958
959
959
959
960
960
960
961
961
961
961
962
962
963
963
963
964
964
964
964
964
964
965
965
966
966
966
968
968
969
970
970
971
971
971
972
972
972
972
973
973
974
974
975
975
975
976
977
979
979
979
979
980
981
981
982
982
982
982
983
983
983
984
984
985
986
987
987
987
988
989
989
989
990
990
990
990
990
991
991
992
993
993
993
994
995
995
996
996
996
996
997
997
997
998
998
998
998
999
1000
1000
1001
1001
1001
1002
1002
1003
1003
1003
1003
1004
1004
1004
1005
1005
1005
1005
1006
1006
1007
1007
1007
1008
1009
1009
1009
1010
1010
1010
1011
1011
1012
1013
1013
1013
1015
1015
1015
1016
1016
1017
1018
1018
1018
1018
1018
1019
1019
1020
1020
1022
1022
1023
1024
1024
1024
1024
1024
1027
1028
1028
1030
1030
1030
1031
1031
1031
1032
1032
1033
1033
1036
1036
1037
1038
1038
1039
1040
1040
1040
1041
1041
1042
1042
1042
1042
1042
1042
1044
1045
1046
1046
1046
1047
1048
1049
1049
1050
1050
1050
1051
1051
1051
1052
1052
1053
1053
1054
1054
1054
1055
1055
1056
1056
1057
1057
1057
1057
1057
1058
1058
1059
1060
1060
1060
1061
1062
1062
1062
1062
1063
1064
1064
1065
1066
1067
1067
1068
1068
1068
1069
1069
1070
1070
1070
1071
1072
1072
1072
1073
1073
1075
1075
1075
1076
1077
1077
1078
1078
1078
1079
1079
1079
1079
1080
1081
1081
1081
1081
1081
1082
1082
1083
1084
1085
1085
1085
1086
1086
1086
1087
1087
1087
1087
1087
1089
1089
1091
1093
1093
1095
1097
1097
1098
1099
1100
1100
1100
1100
1101
1102
1102
1102
1103
1104
1104
1105
1105
1105
1105
1106
1106
1107
1107
1108
1110
1110
1110
1110
1111
1111
1112
1113
1113
1114
1114
1115
1116
1118
1118
1118
1119
1120
1121
1121
1122
1122
1122
1123
1124
1124
1126
1126
1127
1128
1129
1129
1131
1132
1132
1132
1134
1134
1134
1134
1135
1137
1137
1138
1139
1140
1140
1142
1142
1143
1143
1145
1145
1146
1146
1147
1148
1149
1149
1150
1151
1151
1151
1152
1152
1153
1153
1154
1154
1155
1155
1156
1156
1156
1157
1157
1157
1157
1158
1159
1159
1160
1161
1161
1162
1162
1163
1163
1163
1164
1164
1164
1164
1164
1164
1165
1166
1166
1167
1168
1168
1168
1168
1169
1169
1170
1170
1170
1170
1170
1171
1171
1171
1172
1173
1173
1174
1174
1174
1174
1175
1175
1176
1176
1176
1176
1177
1177
1178
1178
1179
1180
1181
1181
1181
1183
1184
1184
1184
1184
1186
1186
1187
1187
1187
1188
1189
1189
1190
1190
1190
1191
1194
1194
1195
1196
1196
1197
1197
1197
1198
1198
1199
1199
1200
1200
1201
1201
1202
1202
1202
1203
1203
1204
1206
1206
1206
1206
1207
1208
1208
1208
1209
1209
1211
1211
1212
1212
1213
1213
1213
1214
1214
1214
1215
1215
1215
1216
1217
1217
1218
1218
1218
1219
1219
1220
1220
1221
1223
1223
1223
1224
1224
1224
1225
1226
1226
1226
1227
1228
1228
1228
1228
1230
1232
1232
1232
1233
1234
1234
1235
1235
1236
1236
1236
1238
1238
1238
1239
1240
1242
1242
1242
1242
1244
1244
1244
1244
1245
1247
1248
1248
1248
1249
1249
1249
1250
1251
1251
1252
1253
1253
1253
1254
1255
1255
1255
1257
1257
1258
1258
1258
1260
1261
1261
1261
1262
1263
1263
1263
1264
1265
1265
1267
1267
1268
1268
1269
1270
1270
1270
1271
1271
1272
1273
1275
1275
1275
1276
1276
1277
1278
1279
1279
1280
1280
1280
1281
1281
1282
1283
1284
1284
1284
1286
1286
1287
1287
1287
1288
1290
1290
1290
1290
1291
1291
1292
1292
1292
1293
1293
1293
1294
1294
1295
1295
1296
1296
1296
1296
1297
1298
1300
1302
1303
1303
1304
1304
1304
1304
1305
1305
1306
1307
1307
1307
1308
1311
1312
1312
1312
1312
1313
1313
1313
1313
1314
1315
1315
1316
1316
1316
1316
1318
1318
1318
1318
1319
1320
1320
1320
1321
1322
1323
1324
1324
1324
1324
1325
1325
1326
1326
1326
1328
1329
1331
1332
1332
1333
1335
1337
1337
1338
1338
1338
1339
1339
1339
1339
1339
1340
1340
1340
1343
1343
1344
1344
1344
1344
1345
1345
1346
1347
1347
1348
1349
1349
1349
1349
1349
1349
1350
1350
1351
1351
1352
1352
1353
1353
1353
1354
1354
1355
1355
1356
1357
1358
1358
1359
1360
1361
1361
1362
1362
1363
1364
1364
1364
1365
1366
1366
1367
1367
1370
1370
1370
1370
1371
1372
1373
1373
1373
1373
1374
1376
1379
1379
1380
1380
1380
1380
1381
1381
1382
1382
1383
1383
1383
1383
1385
1386
1386
1387
1387
1389
1390
1390
1391
1391
1391
1392
1392
1392
1393
1393
1393
1394
1394
1394
1395
1395
1395
1396
1397
1399
1400
1400
1400
1401
1401
1401
1401
1402
1402
1402
1404
1404
1404
1405
1405
1405
1406
1406
1407
1407
1408
1408
1409
1409
1409
1409
1409
1412
1414
1414
1415
1415
1416
1417
1418
1419
1420
1420
1421
1422
1423
1423
1423
1424
1424
1424
1424
1426
1426
1428
1430
1430
1432
1432
1435
1435
1435
1435
1435
1436
1437
1438
1438
1438
1438
1439
1439
1439
1440
1441
1441
1441
1441
1445
1446
1447
1447
1448
1448
1449
1450
1450
1452
1453
1454
1454
1455
1455
1457
1459
1461
1461
1462
1462
1462
1462
1462
1462
1462
1463
1464
1465
1465
1465
1466
1466
1468
1468
1468
1472
1472
1473
1474
1474
1475
1475
1475
1476
1477
1477
1478
1478
1480
1480
1482
1482
1483
1483
1484
1486
1486
1487
1487
1487
1489
1489
1490
1491
1492
1492
1493
1494
1494
1494
1494
1494
1494
1495
1497
1497
1497
1498
1500
1500
1501
1501
1501
1503
1504
1505
1505
1506
1506
1507
1508
1508
1508
1508
1508
1509
1509
1510
1510
1511
1511
1512
1514
1514
1516
1516
1516
1517
1520
1521
1521
1522
1522
1523
1524
1525
1525
1527
1528
1528
1529
1529
1531
1532
1532
1533
1533
1534
1534
1534
1535
1535
1535
1535
1535
1536
1537
1538
1539
1539
1539
1540
1540
1541
1541
1541
1541
1542
1542
1543
1543
1544
1544
1545
1546
1546
1546
1547
1548
1548
1549
1550
1550
1553
1554
1555
1556
1557
1557
1559
1559
1559
1559
1560
1560
1561
1561
1563
1563
1564
1565
1566
1566
1567
1568
1569
1569
1569
1569
1570
1571
1571
1572
1572
1572
1573
1573
1574
1574
1574
1575
1576
1576
1576
1576
1577
1578
1578
1579
1579
1581
1581
1582
1582
1583
1583
1583
1584
1584
1585
1585
1586
1586
1588
1588
1589
1590
1590
1591
1592
1594
1594
1595
1596
1596
1596
1598
1598
1599
1599
1600
1600
1601
1601
1602
1603
1603
1604
1604
1604
1605
1605
1606
1606
1607
1608
1609
1611
1612
1613
1613
1615
1615
1615
1615
1615
1615
1616
1616
1617
1618
1619
1619
1620
1621
1621
1622
1622
1623
1623
1623
1624
1624
1624
1624
1625
1626
1626
1627
1628
1628
1629
1629
1630
1630
1630
1631
1631
1632
1633
1633
1633
1635
1635
1637
1638
1638
1638
1640
1640
1641
1641
1642
1642
1644
1644
1646
1646
1646
1646
1646
1647
1647
1647
1647
1647
1648
1648
1648
1648
1649
1650
1650
1651
1651
1651
1651
1652
1653
1653
1653
1654
1654
1655
1656
1658
1658
1659
1659
1659
1659
1660
1661
1661
1662
1662
1662
1663
1666
1667
1667
1667
1667
1667
1667
1668
1669
1669
1670
1671
1673
1674
1675
1675
1676
1676
1677
1677
1678
1679
1679
1679
1680
1683
1686
1687
1687
1687
1687
1688
1688
1689
1690
1692
1692
1692
1692
1692
1693
1693
1693
1693
1695
1697
1700
1701
1702
1702
1705
1705
1706
1706
1708
1708
1708
1709
1709
1710
1711
1711
1711
1712
1713
1714
1714
1714
1715
1715
1715
1716
1716
1716
1718
1719
1719
1720
1721
1721
1722
1722
1722
1722
1724
1724
1725
1725
1725
1726
1726
1727
1728
1729
1730
1730
1731
1732
1732
1733
1734
1734
1736
1737
1738
1738
1739
1740
1741
1741
1741
1742
1743
1746
1747
1748
1748
1748
1748
1749
1750
1750
1750
1752
1753
1754
1755
1755
1756
1756
1756
1757
1758
1759
1759
1759
1760
1760
1761
1761
1763
1763
1764
1764
1765
1765
1765
1765
1766
1767
1767
1768
1768
1768
1771
1772
1772
1772
1773
1774
1775
1775
1776
1777
1779
1780
1780
1783
1783
1783
1785
1785
1786
1787
1787
1788
1789
1789
1789
1789
1790
1791
1791
1791
1792
1793
1794
1796
1796
1797
1798
1799
1800
1800
1800
1800
1802
1803
1803
1803
1805
1806
1806
1807
1807
1807
1807
1808
1808
1808
1809
1809
1809
1810
1812
1813
1813
1814
1817
1817
1819
1819
1819
1820
1821
1822
1823
1823
1823
1825
1826
1829
1830
1832
1832
1833
1833
1834
1836
1836
1836
1836
1836
1837
1837
1838
1839
1839
1841
1841
1843
1843
1844
1846
1846
1846
1847
1847
1847
1848
1850
1850
1851
1851
1851
1852
1853
1853
1856
1856
1858
1858
1859
1859
1860
1861
1861
1861
1862
1864
1864
1864
1865
1866
1866
1867
1868
1868
1868
1868
1869
1869
1869
1869
1870
1870
1870
1872
1872
1875
1876
1877
1878
1878
1878
1879
1879
1879
1879
1880
1880
1880
1885
1888
1888
1888
1889
1889
1889
1890
1890
1892
1892
1893
1894
1894
1895
1897
1897
1898
1898
1899
1899
1902
1902
1903
1904
1904
1905
1905
1906
1906
1908
1909
1910
1910
1910
1911
1912
1913
1913
1914
1914
1914
1915
1916
1916
1917
1918
1919
1920
1920
1922
1923
1923
1924
1924
1924
1925
1926
1927
1927
1928
1930
1931
1931
1931
1932
1932
1934
1935
1935
1938
1938
1938
1939
1940
1942
1943
1943
1944
1946
1946
1946
1946
1948
1948
1949
1950
1951
1951
1951
1952
1952
1953
1953
1954
1954
1954
1956
1957
1958
1958
1960
1960
1961
1964
1965
1966
1966
1966
1967
1967
1968
1968
1969
1971
1972
1973
1974
1975
1975
1976
1976
1977
1977
1977
1978
1979
1979
1981
1981
1982
1982
1985
1985
1986
1987
1987
1987
1988
1988
1989
1990
1992
1994
1995
1995
1995
1996
1997
1998
1999
1999
2001
2001
2002
2002
2002
2002
2003
2005
2005
2005
2006
2007
2008
2008
2009
2011
2012
2013
2015
2015
2015
2016
2017
2017
2019
2020
2020
2020
2020
2020
2021
2022
2022
2023
2026
2027
2027
2028
2028
2029
2029
2031
2031
2032
2033
2033
2034
2034
2035
2035
2035
2035
2037
2037
2038
2038
2039
2039
2040
2040
2041
2041
2041
2042
2042
2043
2043
2043
2044
2044
2045
2045
2047
2048
2049
2049
2049
2050
2051
2051
2053
2053
2054
2054
2054
2055
2056
2056
2058
2058
2058
2058
2058
2059
2060
2061
2061
2061
2062
2064
2065
2065
2066
2066
2067
2067
2069
2069
2070
2070
2071
2071
2075
2076
2076
2077
2077
2078
2078
2078
2079
2079
2082
2084
2085
2086
2087
2087
2087
2089
2089
2090
2091
2091
2092
2092
2093
2093
2096
2100
2100
2101
2101
2103
2103
2104
2104
2104
2104
2105
2105
2105
2105
2109
2110
2111
2112
2112
2113
2114
2114
2114
2115
2116
2118
2120
2120
2121
2121
2121
2122
2123
2123
2123
2124
2126
2127
2127
2127
2127
2128
2128
2130
2131
2132
2134
2136
2136
2136
2137
2138
2138
2140
2141
2142
2143
2143
2143
2144
2145
2146
2147
2147
2147
2147
2147
2148
2148
2149
2150
2150
2150
2150
2150
2150
2151
2153
2154
2154
2155
2156
2157
2158
2159
2159
2162
2163
2164
2164
2164
2164
2164
2165
2166
2166
2168
2170
2170
2171
2171
2171
2172
2172
2175
2177
2177
2177
2177
2178
2178
2178
2180
2180
2180
2181
2181
2182
2182
2182
2183
2183
2183
2183
2184
2184
2185
2185
2185
2186
2187
2187
2188
2188
2188
2188
2189
2189
2190
2191
2195
2196
2196
2199
2199
2200
2200
2201
2202
2202
2202
2202
2203
2203
2205
2207
2208
2209
2210
2210
2211
2212
2213
2213
2214
2215
2216
2216
2217
2220
2221
2222
2222
2226
2227
2228
2228
2229
2230
2231
2233
2234
2238
2241
2242
2244
2248
2250
2250
2251
2251
2252
2253
2254
2254
2255
2255
2256
2259
2259
2260
2261
2262
2263
2264
2265
2267
2268
2268
2269
2269
2271
2273
2273
2273
2274
2276
2277
2278
2280
2280
2281
2281
2282
2283
2284
2285
2285
2286
2286
2287
2289
2289
2289
2290
2290
2291
2291
2292
2292
2293
2294
2295
2296
2297
2297
2298
2298
2299
2300
2300
2300
2301
2302
2303
2303
2304
2304
2304
2305
2306
2306
2307
2307
2308
2308
2310
2310
2311
2312
2313
2313
2314
2315
2316
2317
2317
2317
2318
2318
2318
2319
2321
2322
2323
2324
2325
2325
2326
2326
2326
2327
2327
2327
2329
2329
2333
2335
2338
2339
2340
2340
2341
2342
2343
2345
2346
2346
2346
2348
2348
2348
2351
2353
2353
2354
2355
2355
2357
2358
2358
2358
2360
2361
2363
2363
2363
2363
2363
2363
2364
2366
2368
2369
2372
2374
2375
2376
2378
2378
2379
2379
2379
2380
2381
2382
2383
2383
2383
2384
2385
2386
2387
2388
2389
2391
2391
2392
2392
2394
2395
2396
2396
2397
2399
2399
2400
2401
2403
2404
2404
2406
2406
2407
2408
2409
2410
2410
2410
2411
2411
2412
2413
2414
2414
2418
2418
2419
2419
2419
2420
2420
2420
2421
2421
2423
2423
2427
2427
2428
2430
2430
2430
2432
2433
2433
2435
2437
2438
2439
2441
2441
2441
2441
2442
2444
2444
2444
2446
2446
2446
2447
2447
2447
2448
2449
2451
2451
2451
2452
2453
2453
2455
2457
2458
2458
2461
2461
2461
2462
2462
2463
2463
2464
2465
2468
2470
2470
2472
2472
2472
2475
2476
2478
2478
2479
2479
2479
2480
2480
2481
2481
2481
2484
2485
2485
2485
2486
2487
2489
2489
2489
2490
2492
2492
2493
2494
2494
2496
2496
2496
2497
2498
2499
2502
2503
2504
2505
2505
2506
2506
2507
2507
2508
2509
2509
2510
2510
2511
2511
2512
2513
2513
2513
2514
2515
2516
2516
2517
2517
2517
2517
2518
2518
2520
2524
2524
2525
2526
2526
2526
2527
2528
2528
2529
2529
2529
2529
2530
2531
2532
2532
2533
2533
2535
2535
2536
2537
2538
2538
2541
2541
2542
2543
2543
2544
2544
2547
2547
2548
2549
2549
2550
2550
2552
2552
2552
2553
2554
2554
2555
2557
2559
2560
2560
2561
2565
2570
2571
2571
2573
2574
2575
2577
2578
2578
2578
2582
2582
2583
2585
2585
2586
2588
2590
2591
2592
2594
2596
2596
2596
2597
2597
2602
2602
2602
2602
2602
2604
2605
2608
2608
2610
2611
2614
2615
2617
2617
2619
2620
2621
2623
2624
2624
2624
2625
2626
2626
2628
2628
2628
2629
2629
2629
2630
2633
2634
2636
2637
2638
2638
2638
2638
2639
2639
2639
2639
2643
2644
2645
2645
2648
2649
2650
2653
2654
2655
2656
2658
2658
2659
2662
2664
2664
2664
2666
2667
2667
2668
2668
2669
2670
2671
2671
2672
2672
2673
2674
2674
2675
2677
2677
2677
2678
2679
2679
2679
2679
2679
2680
2683
2685
2685
2685
2687
2689
2690
2691
2692
2693
2693
2695
2696
2696
2696
2698
2699
2699
2699
2699
2700
2701
2703
2706
2706
2707
2709
2710
2710
2710
2713
2714
2715
2716
2716
2717
2717
2718
2719
2719
2720
2720
2722
2722
2723
2725
2726
2727
2727
2727
2729
2730
2732
2733
2734
2735
2735
2737
2737
2737
2740
2741
2742
2742
2743
2744
2745
2745
2746
2746
2746
2747
2747
2747
2749
2749
2749
2752
2755
2756
2757
2758
2758
2758
2759
2760
2761
2762
2762
2764
2764
2765
2766
2767
2767
2769
2769
2769
2770
2771
2771
2771
2772
2773
2774
2774
2775
2775
2776
2776
2780
2781
2783
2784
2785
2785
2786
2787
2788
2789
2791
2793
2793
2793
2794
2795
2795
2796
2799
2800
2801
2802
2805
2807
2807
2810
2811
2812
2814
2816
2818
2819
2819
2819
2821
2821
2821
2822
2823
2824
2824
2826
2827
2827
2828
2830
2830
2830
2831
2832
2832
2833
2833
2833
2833
2833
2834
2835
2836
2836
2836
2837
2837
2838
2839
2839
2840
2840
2841
2841
2841
2842
2843
2845
2845
2846
2846
2846
2847
2848
2849
2851
2851
2852
2852
2853
2853
2854
2855
2855
2855
2858
2859
2860
2860
2861
2861
2861
2864
2865
2865
2865
2867
2867
2868
2869
2869
2870
2872
2873
2874
2876
2876
2877
2878
2878
2878
2879
2879
2880
2880
2880
2881
2883
2884
2884
2889
2889
2889
2891
2891
2892
2892
2892
2894
2895
2896
2899
2899
2901
2902
2903
2905
2906
2906
2906
2907
2907
2907
2907
2907
2912
2912
2913
2913
2914
2915
2915
2915
2915
2918
2918
2918
2919
2921
2923
2923
2924
2925
2925
2927
2930
2934
2935
2935
2935
2936
2936
2936
2937
2939
2940
2941
2944
2945
2945
2945
2946
2949
2950
2951
2952
2952
2953
2953
2954
2956
2957
2957
2958
2958
2958
2960
2962
2964
2966
2966
2967
2967
2968
2969
2969
2969
2970
2970
2971
2971
2971
2974
2975
2975
2975
2975
2975
2976
2977
2978
2979
2980
2982
2982
2983
2984
2984
2984
2984
2985
2987
2987
2988
2989
2991
2992
2993
2994
2996
2996
2997
2999
3000
3002
3002
3005
3006
3006
3006
3006
3009
3010
3010
3011
3013
3013
3013
3013
3016
3017
3017
3017
3017
3018
3019
3019
3019
3020
3021
3021
3022
3025
3027
3030
3031
3031
3031
3032
3033
3037
3037
3037
3038
3039
3040
3042
3043
3043
3043
3043
3043
3043
3045
3048
3050
3052
3053
3053
3055
3061
3065
3068
3068
3073
3074
3074
3076
3076
3077
3079
3082
3083
3086
3088
3089
3090
3090
3091
3091
3092
3092
3098
3098
3099
3099
3100
3100
3101
3102
3102
3102
3102
3103
3105
3106
3108
3108
3110
3112
3113
3115
3115
3116
3116
3118
3120
3120
3124
3126
3126
3127
3132
3133
3136
3138
3139
3140
3140
3140
3140
3141
3142
3143
3144
3145
3147
3149
3152
3152
3158
3158
3159
3161
3163
3164
3165
3166
3168
3171
3171
3172
3172
3172
3173
3173
3174
3175
3175
3175
3176
3181
3183
3187
3188
3188
3189
3189
3192
3195
3196
3197
3198
3198
3198
3201
3202
3202
3204
3205
3205
3206
3206
3208
3208
3210
3211
3214
3216
3216
3217
3219
3223
3224
3226
3228
3232
3233
3233
3234
3234
3235
3235
3237
3237
3238
3239
3241
3241
3246
3247
3248
3249
3250
3252
3252
3253
3253
3256
3256
3257
3258
3259
3260
3261
3264
3264
3264
3265
3265
3267
3269
3269
3269
3271
3273
3274
3276
3276
3276
3277
3281
3281
3282
3283
3283
3283
3283
3284
3285
3286
3286
3287
3287
3288
3291
3293
3294
3295
3297
3298
3298
3299
3300
3301
3303
3303
3304
3305
3305
3306
3307
3308
3309
3310
3311
3311
3311
3313
3314
3315
3316
3317
3317
3319
3325
3326
3327
3328
3328
3328
3333
3333
3334
3336
3338
3339
3339
3339
3340
3341
3342
3343
3343
3344
3345
3345
3346
3347
3348
3349
3349
3350
3350
3354
3355
3356
3356
3360
3362
3363
3364
3364
3364
3365
3365
3366
3367
3368
3368
3369
3372
3375
3376
3377
3378
3379
3380
3380
3381
3382
3383
3383
3383
3385
3385
3385
3386
3387
3387
3389
3390
3390
3396
3397
3399
3401
3401
3402
3402
3403
3404
3406
3406
3406
3409
3409
3410
3410
3412
3414
3414
3417
3418
3418
3418
3419
3422
3423
3424
3424
3425
3425
3426
3426
3428
3428
3430
3433
3434
3436
3441
3442
3443
3446
3448
3448
3449
3450
3450
3451
3451
3452
3453
3454
3454
3454
3454
3455
3455
3456
3458
3462
3464
3465
3467
3468
3470
3470
3470
3473
3474
3475
3475
3477
3477
3480
3480
3483
3483
3483
3486
3486
3489
3490
3491
3493
3494
3495
3495
3496
3498
3498
3499
3499
3500
3500
3501
3502
3502
3502
3502
3503
3504
3504
3504
3506
3507
3507
3511
3513
3514
3514
3514
3517
3518
3523
3525
3528
3528
3529
3533
3533
3533
3534
3535
3536
3536
3538
3539
3539
3539
3542
3543
3545
3545
3545
3546
3547
3548
3550
3550
3551
3552
3552
3553
3555
3555
3555
3555
3561
3562
3563
3565
3565
3570
3571
3572
3573
3573
3574
3575
3576
3576
3577
3578
3581
3581
3582
3584
3584
3585
3586
3587
3588
3589
3589
3591
3594
3594
3595
3596
3598
3599
3599
3600
3602
3603
3603
3604
3604
3608
3610
3611
3614
3614
3615
3615
3618
3618
3619
3620
3621
3621
3621
3623
3625
3625
3628
3629
3631
3632
3634
3636
3636
3637
3639
3641
3642
3642
3642
3643
3645
3645
3648
3648
3649
3649
3650
3650
3651
3652
3653
3654
3654
3656
3657
3657
3658
3658
3659
3660
3660
3660
3662
3665
3666
3666
3667
3669
3670
3670
3671
3672
3673
3673
3673
3676
3676
3677
3677
3679
3681
3683
3686
3686
3689
3689
3690
3690
3690
3691
3692
3694
3695
3696
3696
3696
3698
3699
3700
3701
3702
3704
3706
3708
3708
3710
3712
3714
3715
3715
3716
3717
3718
3720
3721
3722
3723
3725
3729
3730
3737
3738
3739
3741
3742
3743
3744
3747
3748
3748
3749
3749
3749
3751
3757
3759
3761
3762
3762
3767
3769
3769
3773
3774
3774
3775
3777
3777
3779
3779
3780
3783
3784
3785
3786
3787
3788
3789
3790
3792
3794
3796
3796
3796
3799
3800
3801
3804
3806
3806
3807
3809
3811
3811
3812
3813
3813
3814
3815
3821
3822
3823
3824
3827
3829
3829
3832
3833
3835
3836
3837
3837
3839
3840
3840
3841
3841
3843
3843
3843
3845
3847
3848
3849
3851
3852
3852
3852
3855
3856
3856
3856
3856
3858
3858
3858
3860
3861
3862
3862
3863
3863
3865
3865
3870
3870
3871
3876
3878
3884
3884
3885
3889
3891
3892
3893
3894
3895
3896
3896
3897
3898
3902
3905
3906
3907
3907
3907
3909
3912
3913
3915
3920
3921
3922
3924
3925
3926
3926
3926
3927
3929
3932
3934
3935
3938
3941
3941
3943
3945
3946
3946
3946
3947
3947
3947
3947
3947
3949
3951
3953
3953
3956
3956
3957
3957
3957
3958
3958
3959
3959
3961
3965
3967
3967
3968
3968
3969
3970
3970
3971
3972
3977
3978
3979
3979
3981
3982
3982
3984
3984
3986
3986
3987
3988
3989
3989
3993
3996
3998
3999
4002
4003
4004
4005
4008
4009
4009
4011
4013
4015
4015
4016
4019
4019
4022
4023
4025
4025
4027
4027
4028
4028
4028
4031
4035
4035
4038
4041
4043
4044
4047
4048
4048
4050
4051
4051
4051
4052
4052
4053
4054
4054
4054
4054
4055
4055
4055
4057
4059
4062
4063
4065
4065
4067
4067
4067
4069
4071
4076
4081
4082
4082
4082
4084
4087
4093
4094
4094
4095
4095
4097
4097
4098
4098
4098
4105
4107
4108
4110
4114
4115
4119
4120
4120
4121
4123
4127
4128
4129
4129
4130
4131
4131
4135
4137
4140
4141
4142
4142
4145
4147
4154
4160
4161
4166
4168
4168
4170
4171
4172
4173
4179
4179
4180
4180
4183
4185
4187
4187
4187
4188
4188
4189
4190
4193
4194
4195
4196
4197
4197
4203
4203
4204
4204
4205
4207
4207
4208
4209
4209
4215
4216
4216
4217
4217
4218
4222
4225
4226
4226
4226
4226
4227
4227
4228
4228
4228
4230
4230
4234
4234
4236
4236
4236
4237
4237
4239
4241
4242
4243
4243
4243
4243
4244
4244
4246
4246
4246
4247
4247
4248
4248
4254
4256
4256
4257
4258
4258
4260
4261
4262
4264
4265
4268
4269
4270
4273
4273
4273
4274
4274
4276
4277
4279
4280
4284
4286
4287
4288
4290
4292
4292
4293
4294
4294
4294
4294
4298
4299
4302
4303
4303
4306
4306
4308
4308
4310
4311
4311
4311
4311
4312
4313
4314
4315
4317
4318
4319
4319
4322
4322
4323
4325
4325
4325
4326
4327
4330
4331
4331
4334
4335
4336
4338
4339
4339
4340
4343
4344
4347
4348
4350
4350
4350
4351
4357
4358
4360
4361
4366
4366
4367
4369
4372
4372
4374
4376
4376
4376
4377
4378
4380
4380
4381
4381
4384
4386
4386
4390
4391
4391
4394
4394
4396
4396
4399
4400
4401
4402
4403
4403
4404
4404
4405
4407
4408
4409
4410
4412
4412
4413
4414
4420
4420
4422
4424
4425
4425
4428
4430
4431
4434
4436
4443
4445
4447
4447
4448
4450
4453
4453
4455
4458
4458
4459
4460
4461
4462
4463
4465
4465
4466
4468
4468
4469
4469
4470
4472
4473
4473
4474
4475
4475
4477
4477
4478
4478
4479
4483
4483
4486
4489
4490
4491
4492
4493
4497
4497
4498
4499
4501
4501
4507
4512
4519
4521
4523
4524
4524
4526
4529
4529
4531
4531
4533
4535
4535
4536
4537
4540
4540
4541
4545
4545
4547
4547
4548
4552
4553
4553
4554
4556
4557
4559
4565
4565
4566
4568
4568
4569
4571
4573
4574
4576
4579
4582
4583
4583
4585
4585
4586
4588
4589
4590
4592
4594
4594
4597
4599
4599
4599
4602
4602
4605
4608
4610
4612
4612
4612
4612
4612
4614
4614
4614
4615
4615
4616
4623
4623
4623
4626
4627
4628
4634
4634
4636
4640
4641
4644
4647
4647
4647
4647
4648
4648
4648
4649
4649
4649
4651
4651
4654
4656
4658
4661
4662
4663
4664
4665
4669
4670
4670
4674
4674
4680
4681
4682
4683
4686
4687
4688
4688
4691
4694
4695
4697
4698
4700
4701
4702
4702
4708
4710
4710
4717
4717
4718
4718
4719
4722
4723
4723
4724
4725
4726
4731
4731
4733
4733
4733
4734
4734
4735
4741
4746
4746
4748
4749
4755
4756
4756
4758
4759
4764
4765
4765
4765
4768
4770
4774
4776
4777
4780
4780
4781
4784
4787
4787
4790
4792
4792
4793
4797
4805
4805
4805
4806
4807
4807
4808
4811
4811
4813
4814
4814
4820
4821
4822
4824
4826
4828
4831
4831
4832
4833
4836
4837
4838
4838
4842
4846
4848
4849
4856
4857
4858
4858
4859
4859
4860
4860
4861
4861
4863
4868
4869
4870
4874
4876
4879
4888
4888
4890
4891
4892
4892
4893
4896
4896
4898
4898
4899
4899
4905
4905
4908
4908
4909
4912
4912
4916
4917
4924
4926
4927
4928
4928
4932
4933
4933
4935
4937
4941
4941
4941
4947
4957
4961
4961
4961
4962
4963
4964
4966
4966
4969
4969
4969
4972
4973
4976
4977
4977
4978
4982
4983
4986
4986
4988
4992
4992
4996
4996
4997
4999
5002
5004
5007
5009
5010
5015
5020
5021
5024
5025
5025
5035
5036
5036
5038
5039
5042
5045
5048
5050
5051
5054
5054
5055
5059
5061
5065
5067
5067
5068
5072
5075
5083
5083
5083
5084
5085
5087
5087
5087
5087
5089
5091
5091
5092
5093
5095
5104
5106
5108
5108
5108
5110
5113
5113
5115
5116
5126
5126
5128
5130
5132
5133
5134
5134
5136
5139
5141
5141
5142
5148
5149
5154
5156
5157
5159
5159
5159
5161
5162
5163
5172
5173
5174
5174
5175
5178
5182
5184
5185
5185
5187
5191
5194
5196
5199
5203
5205
5207
5208
5210
5212
5213
5214
5216
5218
5219
5219
5220
5226
5228
5229
5230
5233
5234
5237
5237
5237
5239
5240
5243
5244
5246
5248
5248
5248
5254
5255
5256
5256
5259
5260
5262
5266
5267
5268
5268
5272
5278
5279
5284
5292
5294
5295
5296
5306
5307
5307
5312
5313
5313
5315
5316
5330
5332
5333
5334
5336
5341
5342
5343
5344
5345
5347
5347
5349
5349
5350
5351
5352
5352
5353
5353
5357
5359
5359
5362
5363
5369
5372
5374
5380
5382
5383
5385
5387
5388
5390
5390
5394
5402
5409
5409
5411
5411
5411
5412
5413
5415
5415
5416
5419
5420
5422
5423
5427
5437
5437
5437
5440
5442
5445
5447
5447
5450
5452
5452
5454
5454
5460
5462
5464
5464
5467
5468
5468
5471
5479
5479
5480
5481
5481
5481
5484
5484
5486
5486
5488
5488
5489
5489
5490
5491
5492
5494
5494
5497
5506
5510
5515
5515
5517
5522
5524
5532
5532
5543
5548
5550
5550
5551
5551
5552
5552
5555
5557
5557
5563
5566
5567
5567
5568
5568
5568
5571
5572
5574
5574
5577
5580
5581
5584
5584
5590
5590
5592
5592
5592
5594
5597
5602
5602
5605
5610
5612
5613
5613
5615
5617
5618
5624
5626
5627
5627
5628
5630
5632
5634
5635
5637
5642
5643
5644
5644
5644
5645
5645
5651
5651
5656
5665
5669
5673
5675
5676
5676
5678
5680
5680
5681
5681
5683
5686
5689
5690
5691
5692
5701
5703
5704
5707
5715
5715
5715
5716
5716
5716
5717
5721
5722
5722
5728
5728
5735
5736
5743
5744
5744
5745
5750
5752
5755
5756
5757
5768
5777
5777
5783
5786
5787
5796
5797
5802
5803
5804
5808
5811
5811
5811
5813
5815
5817
5819
5824
5827
5829
5834
5835
5837
5839
5840
5840
5841
5844
5844
5847
5849
5853
5855
5857
5857
5863
5865
5873
5875
5880
5881
5882
5884
5887
5890
5904
5905
5905
5906
5909
5909
5911
5914
5915
5917
5924
5926
5927
5931
5933
5933
5937
5939
5945
5948
5953
5957
5960
5965
5968
5968
5969
5970
5971
5980
5981
5982
5985
5985
5988
5992
5995
5998
6003
6006
6006
6010
6011
6013
6018
6018
6022
6023
6028
6028
6030
6034
6034
6034
6037
6043
6046
6047
6051
6051
6052
6052
6053
6054
6055
6056
6058
6058
6060
6065
6065
6067
6070
6075
6076
6076
6076
6078
6079
6084
6085
6091
6092
6095
6095
6096
6100
6101
6102
6102
6102
6105
6106
6107
6108
6110
6111
6111
6117
6117
6119
6119
6125
6125
6134
6136
6137
6137
6140
6143
6143
6145
6145
6147
6157
6162
6169
6177
6179
6182
6182
6186
6186
6193
6193
6198
6203
6204
6205
6206
6207
6208
6209
6209
6210
6210
6210
6213
6214
6216
6218
6220
6222
6223
6227
6228
6230
6237
6240
6242
6244
6246
6246
6250
6258
6258
6259
6261
6265
6279
6292
6299
6305
6306
6308
6310
6321
6327
6332
6338
6339
6342
6344
6344
6352
6356
6359
6362
6364
6382
6382
6389
6390
6394
6398
6399
6401
6401
6402
6407
6412
6416
6422
6423
6426
6437
6440
6451
6451
6452
6454
6455
6457
6459
6466
6474
6475
6477
6478
6483
6486
6486
6487
6489
6489
6490
6494
6496
6498
6501
6502
6505
6509
6509
6509
6510
6512
6516
6519
6524
6526
6529
6532
6533
6535
6535
6537
6546
6548
6554
6555
6555
6559
6563
6564
6570
6572
6573
6575
6583
6584
6585
6586
6587
6590
6591
6597
6598
6599
6606
6612
6615
6617
6620
6620
6622
6631
6633
6637
6639
6643
6651
6652
6652
6657
6658
6659
6660
6667
6675
6686
6688
6688
6691
6694
6696
6698
6699
6700
6703
6705
6710
6713
6715
6722
6732
6735
6741
6743
6750
6756
6763
6763
6766
6769
6769
6771
6773
6777
6778
6781
6784
6785
6786
6793
6795
6805
6809
6811
6817
6818
6825
6827
6836
6839
6845
6849
6855
6855
6859
6860
6861
6863
6867
6872
6875
6879
6881
6881
6886
6886
6888
6888
6896
6907
6909
6915
6920
6922
6923
6925
6925
6927
6940
6940
6943
6945
6949
6950
6958
6962
6963
6964
6970
6971
6982
6984
6987
6991
7001
7006
7008
7015
7024
7024
7024
7026
7028
7032
7033
7033
7034
7034
7035
7038
7042
7046
7050
7052
7053
7057
7058
7059
7061
7062
7063
7066
7068
7068
7071
7071
7074
7081
7082
7082
7082
7084
7086
7089
7089
7090
7090
7092
7096
7103
7104
7105
7109
7117
7118
7119
7128
7133
7136
7137
7137
7138
7139
7142
7143
7143
7144
7144
7145
7159
7161
7162
7168
7174
7177
7177
7178
7184
7207
7210
7211
7212
7215
7218
7221
7223
7229
7237
7237
7241
7253
7255
7255
7257
7264
7267
7270
7271
7273
7275
7283
7286
7287
7288
7290
7294
7295
7296
7297
7298
7299
7301
7301
7304
7305
7312
7313
7323
7324
7326
7327
7330
7331
7340
7340
7342
7343
7348
7350
7352
7355
7355
7358
7362
7364
7374
7379
7381
7383
7388
7389
7392
7397
7399
7402
7416
7418
7426
7428
7436
7439
7440
7440
7444
7445
7446
7453
7455
7462
7467
7469
7471
7471
7473
7474
7475
7478
7482
7485
7489
7491
7492
7495
7497
7523
7524
7525
7525
7526
7537
7537
7538
7539
7557
7560
7561
7561
7570
7571
7576
7577
7580
7580
7580
7586
7593
7595
7597
7598
7599
7599
7602
7602
7602
7610
7613
7614
7619
7624
7625
7626
7626
7631
7639
7654
7654
7655
7657
7659
7662
7664
7666
7673
7678
7684
7691
7693
7695
7700
7700
7706
7714
7719
7723
7724
7725
7733
7734
7739
7739
7742
7745
7758
7764
7768
7770
7771
7778
7783
7787
7788
7789
7797
7797
7800
7802
7803
7803
7810
7810
7811
7812
7815
7816
7822
7825
7834
7834
7835
7851
7854
7879
7882
7882
7885
7888
7897
7905
7918
7919
7925
7927
7929
7929
7930
7933
7935
7936
7944
7946
7946
7948
7949
7951
7959
7959
7967
7988
7990
8007
8008
8016
8020
8021
8026
8028
8028
8047
8048
8048
8054
8054
8065
8067
8068
8072
8075
8075
8082
8092
8095
8120
8121
8123
8126
8129
8142
8145
8148
8149
8149
8162
8165
8170
8174
8179
8180
8183
8184
8185
8189
8190
8192
8195
8203
8206
8211
8220
8224
8226
8234
8237
8244
8247
8249
8250
8253
8275
8286
8290
8295
8297
8321
8329
8329
8332
8334
8335
8337
8342
8357
8366
8367
8368
8369
8372
8379
8380
8380
8380
8382
8383
8395
8398
8403
8404
8408
8409
8426
8426
8430
8434
8442
8446
8447
8451
8453
8477
8479
8482
8489
8494
8506
8512
8516
8517
8527
8531
8537
8538
8542
8545
8546
8550
8563
8564
8568
8570
8577
8592
8592
8592
8595
8596
8602
8605
8606
8606
8611
8624
8629
8633
8636
8643
8649
8650
8656
8667
8668
8674
8674
8675
8679
8688
8695
8697
8698
8699
8706
8707
8715
8718
8720
8721
8722
8723
8727
8734
8742
8750
8757
8759
8770
8775
8780
8782
8782
8786
8800
8800
8814
8814
8817
8833
8834
8839
8850
8867
8875
8886
8894
8895
8896
8900
8904
8905
8906
8907
8928
8931
8934
8940
8941
8948
8949
8965
8966
8969
8976
8986
8987
8987
8988
9007
9011
9012
9016
9017
9021
9021
9025
9026
9033
9033
9034
9048
9049
9069
9087
9088
9096
9097
9102
9107
9110
9111
9115
9130
9147
9149
9150
9152
9160
9161
9167
9175
9175
9180
9183
9187
9189
9190
9193
9198
9208
9211
9221
9223
9228
9240
9255
9260
9261
9262
9269
9285
9287
9300
9301
9308
9308
9309
9324
9342
9355
9369
9377
9381
9387
9394
9397
9401
9405
9414
9419
9423
9424
9424
9427
9430
9436
9438
9445
9447
9448
9454
9455
9458
9460
9462
9468
9476
9479
9481
9510
9513
9522
9530
9538
9562
9562
9573
9583
9586
9592
9593
9603
9605
9606
9609
9610
9611
9621
9627
9636
9638
9642
9651
9667
9667
9677
9687
9698
9699
9702
9702
9709
9714
9728
9729
9734
9739
9753
9757
9783
9785
9796
9798
9798
9805
9810
9826
9827
9828
9829
9833
9836
9841
9842
9843
9849
9850
9854
9868
9869
9870
9872
9879
9887
9892
9936
9945
9947
9948
9954
9957
9961
9980
9980
9988
10007
10009
10009
10009
10013
10020
10020
10020
10022
10027
10035
10048
10049
10049
10064
10070
10085
10086
10093
10096
10101
10111
10114
10119
10124
10132
10147
10149
10167
10188
10191
10204
10209
10219
10223
10230
10233
10236
10238
10250
10252
10258
10275
10277
10286
10302
10309
10310
10312
10314
10321
10356
10370
10375
10382
10389
10391
10401
10401
10418
10418
10421
10426
10433
10437
10439
10439
10440
10442
10462
10464
10464
10465
10468
10473
10473
10478
10484
10507
10512
10521
10525
10546
10560
10563
10571
10577
10585
10588
10593
10596
10601
10603
10604
10606
10607
10613
10622
10627
10631
10632
10633
10652
10656
10663
10675
10677
10682
10686
10687
10691
10692
10702
10707
10716
10722
10730
10733
10735
10745
10746
10749
10749
10764
10765
10767
10769
10786
10789
10796
10816
10816
10824
10835
10838
10845
10845
10852
10854
10859
10860
10866
10874
10874
10884
10886
10904
10911
10921
10923
10924
10939
10947
10955
10959
10973
10988
10989
10999
10999
11000
11015
11021
11034
11038
11039
11043
11044
11046
11049
11062
11062
11065
11068
11080
11093
11095
11098
11100
11100
11113
11114
11127
11134
11155
11167
11169
11188
11188
11189
11194
11200
11201
11216
11223
11227
11239
11241
11248
11259
11263
11286
11287
11290
11291
11295
11309
11318
11321
11340
11342
11344
11347
11351
11354
11355
11356
11367
11388
11389
11396
11399
11413
11414
11417
11417
11418
11420
11422
11424
11425
11429
11433
11448
11474
11478
11482
11490
11494
11495
11506
11518
11521
11528
11530
11532
11533
11540
11558
11559
11580
11590
11595
11599
11600
11616
11618
11620
11622
11634
11640
11647
11650
11665
11665
11670
11671
11681
11704
11705
11715
11716
11717
11718
11720
11749
11755
11755
11757
11771
11776
11781
11787
11804
11812
11822
11824
11827
11831
11831
11857
11865
11867
11868
11879
11882
11893
11913
11913
11918
11925
11929
11932
11939
11945
11945
11955
11961
12013
12022
12027
12027
12052
12061
12102
12105
12109
12114
12122
12128
12138
12153
12161
12171
12172
12189
12214
12216
12223
12235
12241
12247
12252
12269
12271
12273
12274
12293
12306
12314
12316
12318
12344
12347
12368
12386
12404
12460
12474
12492
12497
12536
12549
12550
12555
12576
12592
12640
12659
12689
12699
12700
12719
12762
12778
12787
12792
12794
12794
12813
12816
12848
12893
12894
12914
12915
12930
12931
12945
12945
12956
12958
12967
12979
12980
12987
12999
13017
13031
13046
13063
13073
13081
13086
13097
13111
13122
13123
13130
13165
13174
13177
13187
13190
13197
13213
13221
13226
13236
13261
13270
13298
13298
13301
13306
13327
13332
13333
13341
13352
13354
13361
13362
13368
13381
13387
13403
13422
13429
13431
13435
13454
13465
13473
13488
13497
13497
13507
13528
13532
13589
13593
13600
13634
13644
13644
13646
13653
13689
13697
13698
13716
13723
13750
13756
13765
13768
13785
13794
13818
13819
13835
13837
13841
13899
13907
13909
13911
13916
13935
13941
13976
13988
13989
13999
14001
14025
14028
14032
14041
14050
14061
14071
14136
14190
14203
14226
14270
14283
14288
14291
14306
14340
14347
14376
14380
14388
14453
14469
14477
14479
14486
14497
14505
14551
14618
14632
14672
14688
14693
14731
14741
14800
14812
14817
14829
14852
14856
14875
14888
14907
14912
14948
14950
14979
14986
15008
15022
15031
15047
15059
15067
15072
15124
15148
15151
15154
15164
15182
15350
15351
15358
15386
15420
15424
15426
15446
15457
15467
15478
15499
15598
15605
15622
15638
15639
15667
15685
15728
15761
15766
15774
15775
15778
15784
15796
15810
15849
15864
15866
15882
15913
15955
15962
15966
15988
15991
16025
16066
16097
16102
16124
16145
16184
16186
16188
16193
16208
16208
16210
16255
16280
16294
16315
16322
16336
16392
16403
16408
16421
16446
16502
16505
16523
16535
16546
16550
16552
16585
16590
16653
16720
16724
16741
16746
16760
16769
16793
16805
16860
16916
16986
16992
16996
17015
17038
17053
17082
17092
17112
17140
17231
17238
17258
17278
17305
17306
17347
17355
17391
17447
17507
17608
17634
17634
17714
17718
17748
17760
17778
17779
17817
17838
17839
17921
17933
17935
18013
18031
18055
18063
18103
18112
18137
18172
18212
18272
18298
18311
18317
18406
18433
18443
18452
18494
18612
18661
18724
18730
18797
18798
18799
18813
18815
18909
18914
18915
18940
18984
19032
19064
19079
19088
19192
19199
19243
19320
19374
19377
19378
19411
19412
19458
19570
19579
19609
19613
19654
19680
19758
19767
19875
19885
19886
19886
19910
19914
19975
19984
20023
20070
20130
20156
20193
20257
20259
20292
20318
20352
20363
20416
20419
20453
20489
20527
20549
20661
20696
20698
20814
20851
20857
20869
20912
20953
21102
21151
21152
21155
21181
21366
21412
21445
21562
21606
21756
21858
21870
21913
21919
22009
22103
22132
22135
22392
22418
22483
22490
22512
22515
22562
22652
22735
22748
22785
22786
22853
22871
22879
23035
23110
23118
23316
23322
23375
23440
23462
23614
23652
23743
23789
23807
23884
23934
23937
24025
24037
24106
24115
24154
24159
24298
24386
24421
24472
24597
24668
24688
24701
24737
24745
24747
24748
24774
24803
24958
24959
25159
25162
25199
25381
25386
25467
25568
25569
25582
25584
25704
25794
25837
25851
25919
26167
26202
26419
26423
26498
26500
26584
26649
26748
26836
27011
27123
27166
27336
27402
27491
27717
27856
27880
27887
27901
27907
27941
28093
28111
28421
28466
28600
28690
28723
28741
28758
28813
29078
29173
29254
29480
29492
29496
29717
29792
29933
30118
30118
30139
30257
30381
30609
30644
30803
30957
31170
31247
31253
31310
31560
31677
31790
31944
32023
32065
32313
32361
32478
32547
32692
32721
32842
32912
33181
33260
33296
33365
33439
33482
33511
33897
34014
34045
34337
35136
35145
35493
35505
35517
35629
35754
35849
36052
36201
36246
36407
36565
36935
37197
37457
37598
37743
37788
38044
38655
38671
38701
38952
39048
39124
39303
39525
39534
39648
39742
39943
40035
40137
40208
40341
40400
40425
41152
41442
41540
41743
42132
42193
42246
42291
42308
42340
42681
42772
43899
43925
44206
44590
45458
45656
46585
46808
48100
48199
48317
49046
49596
49908
52034
52433
52566
53467
53755
54774
56091
57243
58765
58936
59056
59169
59290
59620
63837
64183
65182
65526
67326
67855
72989
74814
75243
75718
78616
79799
80218
83282
84780
85559
86579
86840
88733
89075
89923
98719
117200
118171
119167
