1
1
1
1
2
2
2
2
2
2
2
3
3
4
4
4
5
5
6
6
6
7
7
7
8
8
8
8
8
9
9
9
9
9
10
11
11
11
12
12
13
13
15
16
17
17
17
18
18
19
19
20
20
20
20
20
21
21
21
22
22
23
24
24
25
26
26
26
27
27
28
30
30
32
33
33
33
33
33
34
34
35
35
38
38
40
40
41
45
45
45
45
45
46
47
47
50
51
51
53
53
55
56
56
56
59
60
63
63
66
68
69
70
73
74
74
74
75
75
78
80
83
84
86
89
89
91
92
92
98
101
104
105
106
109
110
110
110
111
112
114
114
117
119
121
123
124
124
130
138
142
145
147
149
151
155
161
163
169
175
175
181
183
200
201
201
213
219
222
224
243
249
249
257
271
278
292
296
305
310
312
323
364
376
383
392
408
439
459
470
490
535
541
564
573
577
590
598
620
626
666
669
691
691
736
750
869
930
1141
