chr01 0 99999 0.85
chr01 100000 199999 0.006
chr01 200000 299999 0.152
chr01 300000 399999 0.087
chr01 400000 499999 0.084
chr01 500000 599999 0.162
chr01 600000 699999 0.364
chr01 700000 799999 0.164
chr01 800000 899999 0.008
chr01 900000 999999 0.018
chr01 1000000 1099999 0.048
chr01 1100000 1199999 0.057
chr01 1200000 1299999 0.09
chr01 1300000 1399999 0.075
chr01 1400000 1499999 0.049
chr01 1500000 1599999 0.01
chr01 1600000 1699999 0.075
chr01 1700000 1799999 0.019
chr01 1800000 1899999 0.052
chr01 1900000 1999999 0.054
chr01 2000000 2099999 0.187
chr01 2100000 2199999 0.249
chr01 2200000 2299999 0.088
chr01 2300000 2399999 0.061
chr01 2400000 2499999 0.085
chr01 2500000 2599999 0.044
chr01 2600000 2699999 0.014
chr01 2700000 2799999 0.255
chr01 2800000 2899999 0.094
chr01 2900000 2999999 0.025
chr01 3000000 3099999 0.052
chr01 3100000 3199999 0.031
chr01 3200000 3299999 0.098
chr01 3300000 3399999 0.034
chr01 3400000 3499999 0.125
chr01 3500000 3599999 0.09
chr01 3600000 3699999 0.035
chr01 3700000 3799999 0.032
chr01 3800000 3899999 0.162
chr01 3900000 3999999 0.093
chr01 4000000 4099999 0.043
chr01 4100000 4199999 0.243
chr01 4200000 4299999 0.273
chr01 4300000 4399999 0.042
chr01 4400000 4499999 0.229
chr01 4500000 4599999 0.163
chr01 4600000 4699999 0.314
chr01 4700000 4799999 0.437
chr01 4800000 4899999 0.184
chr01 4900000 4999999 0.098
chr01 5000000 5099999 0.215
chr01 5100000 5199999 0.219
chr01 5200000 5299999 0.212
chr01 5300000 5399999 0.122
chr01 5400000 5499999 0.099
chr01 5500000 5599999 0.073
chr01 5600000 5699999 0.156
chr01 5700000 5799999 0.267
chr01 5800000 5899999 0.019
chr01 5900000 5999999 0.229
chr01 6000000 6099999 0.088
chr01 6100000 6199999 0.089
chr01 6200000 6299999 0.069
chr01 6300000 6399999 0.026
chr01 6400000 6499999 0.105
chr01 6500000 6599999 0.151
chr01 6600000 6699999 0.182
chr01 6700000 6799999 0.172
chr01 6800000 6899999 0.222
chr01 6900000 6999999 0.136
chr01 7000000 7099999 0.213
chr01 7100000 7199999 0.105
chr01 7200000 7299999 0.219
chr01 7300000 7399999 0.155
chr01 7400000 7499999 0.205
chr01 7500000 7599999 0.263
chr01 7600000 7699999 0.291
chr01 7700000 7799999 0.204
chr01 7800000 7899999 0.616
chr01 7900000 7999999 0.315
chr01 8000000 8099999 0.096
chr01 8100000 8199999 0.04
chr01 8200000 8299999 0.126
chr01 8300000 8399999 0.312
chr01 8400000 8499999 0.163
chr01 8500000 8599999 0.078
chr01 8600000 8699999 0.066
chr01 8700000 8799999 0.037
chr01 8800000 8899999 0.076
chr01 8900000 8999999 0.109
chr01 9000000 9099999 0.042
chr01 9100000 9199999 0.036
chr01 9200000 9299999 0.025
chr01 9300000 9399999 0.107
chr01 9400000 9499999 0.025
chr01 9500000 9599999 0.258
chr01 9600000 9699999 0.002
chr01 9700000 9799999 0.041
chr01 9800000 9899999 0.183
chr01 9900000 9999999 0.335
chr01 10000000 10099999 0.021
chr01 10100000 10199999 0.018
chr01 10200000 10299999 0.079
chr01 10300000 10399999 0.059
chr01 10400000 10499999 0.339
chr01 10500000 10599999 0.054
chr01 10600000 10699999 0.082
chr01 10700000 10799999 0.009
chr01 10800000 10899999 0.032
chr01 10900000 10999999 0.009
chr01 11000000 11099999 0.051
chr01 11100000 11199999 0.021
chr01 11200000 11299999 0.145
chr01 11300000 11399999 0.018
chr01 11400000 11499999 0.03
chr01 11500000 11599999 0.081
chr01 11600000 11699999 0.023
chr01 11700000 11799999 0.029
chr01 11800000 11899999 0.005
chr01 11900000 11999999 0.051
chr01 12000000 12099999 0.012
chr01 12100000 12199999 0.019
chr01 12200000 12299999 0.085
chr01 12300000 12399999 0.167
chr01 12400000 12499999 0.007
chr01 12500000 12599999 0.017
chr01 12600000 12699999 0.026
chr01 12700000 12799999 0.288
chr01 12800000 12899999 0.092
chr01 12900000 12999999 0.056
chr01 13000000 13099999 0.059
chr01 13100000 13199999 0.074
chr01 13200000 13299999 0.01
chr01 13300000 13399999 0.001
chr01 13400000 13499999 0.037
chr01 13500000 13599999 0.18
chr01 13600000 13699999 0.035
chr01 13700000 13799999 0.029
chr01 13800000 13899999 0.083
chr01 13900000 13999999 0.021
chr01 14000000 14099999 0.041
chr01 14100000 14199999 0.005
chr01 14200000 14299999 0.094
chr01 14300000 14399999 0.074
chr01 14400000 14499999 0.016
chr01 14500000 14599999 0.191
chr01 14600000 14699999 0.014
chr01 14700000 14799999 0.111
chr01 14800000 14899999 0.006
chr01 14900000 14999999 0.1
chr01 15000000 15099999 0.008
chr01 15100000 15199999 0.009
chr01 15200000 15299999 0.001
chr01 15300000 15399999 0.014
chr01 15400000 15499999 0.003
chr01 15500000 15599999 0.016
chr01 15600000 15699999 0.084
chr01 15700000 15799999 0.003
chr01 15800000 15899999 0.032
chr01 15900000 15999999 0.019
chr01 16000000 16099999 0.081
chr01 16100000 16199999 0.065
chr01 16200000 16299999 0.158
chr01 16300000 16399999 0.002
chr01 16400000 16499999 0.057
chr01 16500000 16599999 0.276
chr01 16600000 16699999 0.022
chr01 16700000 16799999 0.067
chr01 16800000 16899999 0.012
chr01 16900000 16999999 0.034
chr01 17000000 17099999 0.089
chr01 17100000 17199999 0.001
chr01 17200000 17299999 0.019
chr01 17300000 17399999 0.012
chr01 17400000 17499999 0.06
chr01 17500000 17599999 0.009
chr01 17600000 17699999 0.014
chr01 17700000 17799999 0.015
chr01 17800000 17899999 0.022
chr01 17900000 17999999 0
chr01 18000000 18099999 0.039
chr01 18100000 18199999 0.057
chr01 18200000 18299999 0.017
chr01 18300000 18399999 0.034
chr01 18400000 18499999 0.077
chr01 18500000 18599999 0.058
chr01 18600000 18699999 0.015
chr01 18700000 18799999 0.111
chr01 18800000 18899999 0.091
chr01 18900000 18999999 0.004
chr01 19000000 19099999 0.007
chr01 19100000 19199999 0
chr01 19200000 19299999 0.001
chr01 19300000 19399999 0.003
chr01 19400000 19499999 0.011
chr01 19500000 19599999 0.028
chr01 19600000 19699999 0.163
chr01 19700000 19799999 0.009
chr01 19800000 19899999 0.029
chr01 19900000 19999999 0.001
chr01 20000000 20099999 0.014
chr01 20100000 20199999 0.044
chr01 20200000 20299999 0.013
chr01 20300000 20399999 0.014
chr01 20400000 20499999 0.023
chr01 20500000 20599999 0.005
chr01 20600000 20699999 0.041
chr01 20700000 20799999 0.003
chr01 20800000 20899999 0.006
chr01 20900000 20999999 0.08
chr01 21000000 21099999 0.024
chr01 21100000 21199999 0.145
chr01 21200000 21299999 0.016
chr01 21300000 21399999 0.013
chr01 21400000 21499999 0.058
chr01 21500000 21599999 0.008
chr01 21600000 21699999 0.05
chr01 21700000 21799999 0.041
chr01 21800000 21899999 0.015
chr01 21900000 21999999 0.045
chr01 22000000 22099999 0.005
chr01 22100000 22199999 0
chr01 22200000 22299999 0.031
chr01 22300000 22399999 0.057
chr01 22400000 22499999 0.052
chr01 22500000 22599999 0.046
chr01 22600000 22699999 0.002
chr01 22700000 22799999 0
chr01 22800000 22899999 0.013
chr01 22900000 22999999 0.005
chr01 23000000 23099999 0.049
chr01 23100000 23199999 0.015
chr01 23200000 23299999 0.124
chr01 23300000 23399999 0.002
chr01 23400000 23499999 0.038
chr01 23500000 23599999 0.034
chr01 23600000 23699999 0.006
chr01 23700000 23799999 0.142
chr01 23800000 23899999 0.02
chr01 23900000 23999999 0.003
chr01 24000000 24099999 0.002
chr01 24100000 24199999 0.031
chr01 24200000 24299999 0.002
chr01 24300000 24399999 0.003
chr01 24400000 24499999 0.01
chr01 24500000 24599999 0.069
chr01 24600000 24699999 0.008
chr01 24700000 24799999 0.027
chr01 24800000 24899999 0.014
chr01 24900000 24999999 0.013
chr01 25000000 25099999 0.039
chr01 25100000 25199999 0.008
chr01 25200000 25299999 0.009
chr01 25300000 25399999 0.013
chr01 25400000 25499999 0.017
chr01 25500000 25599999 0.007
chr01 25600000 25699999 0.006
chr01 25700000 25799999 0.016
chr01 25800000 25899999 0.184
chr01 25900000 25999999 0.016
chr01 26000000 26099999 0.02
chr01 26100000 26199999 0.002
chr01 26200000 26299999 0.077
chr01 26300000 26399999 0.032
chr01 26400000 26499999 0.004
chr01 26500000 26599999 0.003
chr01 26600000 26699999 0.027
chr01 26700000 26799999 0.008
chr01 26800000 26899999 0.014
chr01 26900000 26999999 0.007
chr01 27000000 27099999 0.011
chr01 27100000 27199999 0.014
chr01 27200000 27299999 0.012
chr01 27300000 27399999 0.071
chr01 27400000 27499999 0.068
chr01 27500000 27599999 0.01
chr01 27600000 27699999 0.007
chr01 27700000 27799999 0.006
chr01 27800000 27899999 0.042
chr01 27900000 27999999 0.018
chr01 28000000 28099999 0.03
chr01 28100000 28199999 0.004
chr01 28200000 28299999 0.016
chr01 28300000 28399999 0.015
chr01 28400000 28499999 0.024
chr01 28500000 28599999 0.462
chr01 28600000 28699999 0.097
chr01 28700000 28799999 0.016
chr01 28800000 28899999 0.044
chr01 28900000 28999999 0.063
chr01 29000000 29099999 0.054
chr01 29100000 29199999 0.018
chr01 29200000 29299999 0.129
chr01 29300000 29399999 0.03
chr01 29400000 29499999 0.076
chr01 29500000 29599999 0.072
chr01 29600000 29699999 0.039
chr01 29700000 29799999 0.287
chr01 29800000 29899999 0.041
chr01 29900000 29999999 0.111
chr01 30000000 30099999 0.327
chr01 30100000 30199999 0.252
chr01 30200000 30299999 0.11
chr01 30300000 30399999 0.169
chr01 30400000 30499999 0.265
chr01 30500000 30599999 0.397
chr01 30600000 30699999 0.188
chr01 30700000 30799999 0.435
chr01 30800000 30899999 0.464
chr01 30900000 30999999 0.505
chr01 31000000 31099999 0.446
chr01 31100000 31199999 0.444
chr01 31200000 31299999 0.429
chr01 31300000 31399999 0.493
chr01 31400000 31499999 0.377
chr01 31500000 31599999 0.449
chr01 31600000 31699999 0.437
chr01 31700000 31799999 0.422
chr01 31800000 31899999 0.303
chr01 31900000 31999999 0.316
chr01 32000000 32099999 0.392
chr01 32100000 32199999 0.261
chr01 32200000 32299999 0.297
chr01 32300000 32399999 0.139
chr01 32400000 32499999 0.297
chr01 32500000 32599999 0.15
chr01 32600000 32699999 0.207
chr01 32700000 32799999 0.063
chr01 32800000 32899999 0.251
chr01 32900000 32999999 0.071
chr01 33000000 33099999 0.02
chr01 33100000 33199999 0.099
chr01 33200000 33299999 0.016
chr01 33300000 33399999 0.04
chr01 33400000 33499999 0.006
chr01 33500000 33599999 0.125
chr01 33600000 33699999 0.012
chr01 33700000 33799999 0.099
chr01 33800000 33899999 0.014
chr01 33900000 33999999 0.002
chr01 34000000 34099999 0.174
chr01 34100000 34199999 0.056
chr01 34200000 34299999 0.151
chr01 34300000 34346484 0.054
chr02 0 99999 0.418
chr02 100000 199999 0.082
chr02 200000 299999 0.179
chr02 300000 399999 0.238
chr02 400000 499999 0.09
chr02 500000 599999 0.123
chr02 600000 699999 0.372
chr02 700000 799999 0.147
chr02 800000 899999 0.009
chr02 900000 999999 0.205
chr02 1000000 1099999 0.284
chr02 1100000 1199999 0.154
chr02 1200000 1299999 0.148
chr02 1300000 1399999 0.454
chr02 1400000 1499999 0.254
chr02 1500000 1599999 0.177
chr02 1600000 1699999 0.478
chr02 1700000 1799999 0.319
chr02 1800000 1899999 0.446
chr02 1900000 1999999 0.375
chr02 2000000 2099999 0.277
chr02 2100000 2199999 0.655
chr02 2200000 2299999 0.307
chr02 2300000 2399999 0.492
chr02 2400000 2499999 0.54
chr02 2500000 2599999 0.354
chr02 2600000 2699999 0.656
chr02 2700000 2799999 0.707
chr02 2800000 2899999 0.415
chr02 2900000 2999999 0.415
chr02 3000000 3099999 0.553
chr02 3100000 3199999 0.521
chr02 3200000 3299999 0.2
chr02 3300000 3399999 0.248
chr02 3400000 3499999 0.553
chr02 3500000 3599999 0.339
chr02 3600000 3699999 0.37
chr02 3700000 3799999 0.092
chr02 3800000 3899999 0.45
chr02 3900000 3999999 0.641
chr02 4000000 4099999 0.4
chr02 4100000 4199999 0.321
chr02 4200000 4299999 0.309
chr02 4300000 4399999 0.289
chr02 4400000 4499999 0.304
chr02 4500000 4599999 0.32
chr02 4600000 4699999 0.323
chr02 4700000 4799999 0.439
chr02 4800000 4899999 0.323
chr02 4900000 4999999 0.209
chr02 5000000 5099999 0.279
chr02 5100000 5199999 0.364
chr02 5200000 5299999 0.132
chr02 5300000 5399999 0.222
chr02 5400000 5499999 0.056
chr02 5500000 5599999 0.176
chr02 5600000 5699999 0.309
chr02 5700000 5799999 0.299
chr02 5800000 5899999 0.041
chr02 5900000 5999999 0.19
chr02 6000000 6099999 0.15
chr02 6100000 6199999 0.148
chr02 6200000 6299999 0.162
chr02 6300000 6399999 0.134
chr02 6400000 6499999 0.203
chr02 6500000 6599999 0.206
chr02 6600000 6699999 0.214
chr02 6700000 6799999 0.04
chr02 6800000 6899999 0.194
chr02 6900000 6999999 0.038
chr02 7000000 7099999 0.098
chr02 7100000 7199999 0.033
chr02 7200000 7299999 0.095
chr02 7300000 7399999 0.141
chr02 7400000 7499999 0.175
chr02 7500000 7599999 0.19
chr02 7600000 7699999 0.457
chr02 7700000 7799999 0.006
chr02 7800000 7899999 0.348
chr02 7900000 7999999 0.2
chr02 8000000 8099999 0.072
chr02 8100000 8199999 0.141
chr02 8200000 8299999 0.306
chr02 8300000 8399999 0.229
chr02 8400000 8499999 0.082
chr02 8500000 8599999 0.096
chr02 8600000 8699999 0.164
chr02 8700000 8799999 0.207
chr02 8800000 8899999 0.064
chr02 8900000 8999999 0.08
chr02 9000000 9099999 0.053
chr02 9100000 9199999 0.13
chr02 9200000 9299999 0.041
chr02 9300000 9399999 0.08
chr02 9400000 9499999 0.061
chr02 9500000 9599999 0.354
chr02 9600000 9699999 0.251
chr02 9700000 9799999 0.098
chr02 9800000 9899999 0.271
chr02 9900000 9999999 0.521
chr02 10000000 10099999 0.37
chr02 10100000 10199999 0.163
chr02 10200000 10299999 0.085
chr02 10300000 10399999 0.457
chr02 10400000 10499999 0.839
chr02 10500000 10599999 0.439
chr02 10600000 10699999 0.341
chr02 10700000 10799999 0.294
chr02 10800000 10899999 0.414
chr02 10900000 10999999 0.266
chr02 11000000 11099999 0.25
chr02 11100000 11199999 0.364
chr02 11200000 11299999 0.539
chr02 11300000 11399999 0.407
chr02 11400000 11499999 0.267
chr02 11500000 11599999 0.407
chr02 11600000 11699999 0.406
chr02 11700000 11799999 0.649
chr02 11800000 11899999 0.197
chr02 11900000 11999999 0.337
chr02 12000000 12099999 0.403
chr02 12100000 12199999 0.406
chr02 12200000 12299999 0.685
chr02 12300000 12399999 0.362
chr02 12400000 12499999 0.791
chr02 12500000 12599999 0.356
chr02 12600000 12699999 0.391
chr02 12700000 12799999 0.454
chr02 12800000 12899999 0.233
chr02 12900000 12999999 0.593
chr02 13000000 13099999 0.356
chr02 13100000 13199999 0.479
chr02 13200000 13299999 0.418
chr02 13300000 13399999 0.556
chr02 13400000 13499999 0.324
chr02 13500000 13599999 0.424
chr02 13600000 13699999 0.689
chr02 13700000 13799999 0.385
chr02 13800000 13899999 0.569
chr02 13900000 13999999 0.474
chr02 14000000 14099999 0.451
chr02 14100000 14199999 0.629
chr02 14200000 14299999 0.538
chr02 14300000 14399999 0.252
chr02 14400000 14499999 0.207
chr02 14500000 14599999 0.221
chr02 14600000 14699999 0.405
chr02 14700000 14799999 0.214
chr02 14800000 14899999 0.351
chr02 14900000 14999999 0.291
chr02 15000000 15099999 0.102
chr02 15100000 15199999 0.085
chr02 15200000 15299999 0.188
chr02 15300000 15399999 0.108
chr02 15400000 15499999 0.03
chr02 15500000 15599999 0.125
chr02 15600000 15699999 0.11
chr02 15700000 15799999 0.013
chr02 15800000 15899999 0.059
chr02 15900000 15999999 0.118
chr02 16000000 16099999 0.045
chr02 16100000 16199999 0.06
chr02 16200000 16299999 0
chr02 16300000 16399999 0.022
chr02 16400000 16499999 0.017
chr02 16500000 16599999 0.02
chr02 16600000 16699999 0.046
chr02 16700000 16799999 0.016
chr02 16800000 16899999 0.088
chr02 16900000 16999999 0
chr02 17000000 17057924 0
chr03 0 99999 0.356
chr03 100000 199999 0.022
chr03 200000 299999 0.22
chr03 300000 399999 0.084
chr03 400000 499999 0.109
chr03 500000 599999 0.07
chr03 600000 699999 0.345
chr03 700000 799999 0.101
chr03 800000 899999 0.02
chr03 900000 999999 0.016
chr03 1000000 1099999 0.173
chr03 1100000 1199999 0.015
chr03 1200000 1299999 0.091
chr03 1300000 1399999 0.076
chr03 1400000 1499999 0.031
chr03 1500000 1599999 0.118
chr03 1600000 1699999 0.102
chr03 1700000 1799999 0.025
chr03 1800000 1899999 0.093
chr03 1900000 1999999 0.189
chr03 2000000 2099999 0.25
chr03 2100000 2199999 0.346
chr03 2200000 2299999 0.207
chr03 2300000 2399999 0.087
chr03 2400000 2499999 0.496
chr03 2500000 2599999 0.081
chr03 2600000 2699999 0.187
chr03 2700000 2799999 0.323
chr03 2800000 2899999 0.228
chr03 2900000 2999999 0.115
chr03 3000000 3099999 0.077
chr03 3100000 3199999 0.193
chr03 3200000 3299999 0.16
chr03 3300000 3399999 0.116
chr03 3400000 3499999 0.222
chr03 3500000 3599999 0.462
chr03 3600000 3699999 0.183
chr03 3700000 3799999 0.255
chr03 3800000 3899999 0.228
chr03 3900000 3999999 0.374
chr03 4000000 4099999 0.16
chr03 4100000 4199999 0.303
chr03 4200000 4299999 0.653
chr03 4300000 4399999 0.479
chr03 4400000 4499999 0.391
chr03 4500000 4599999 0.442
chr03 4600000 4699999 0.775
chr03 4700000 4799999 0.687
chr03 4800000 4899999 0.495
chr03 4900000 4999999 0.361
chr03 5000000 5099999 0.556
chr03 5100000 5199999 0.611
chr03 5200000 5299999 0.74
chr03 5300000 5399999 0.693
chr03 5400000 5499999 0.579
chr03 5500000 5599999 0.408
chr03 5600000 5699999 0.304
chr03 5700000 5799999 0.745
chr03 5800000 5899999 0.409
chr03 5900000 5999999 0.332
chr03 6000000 6099999 0.483
chr03 6100000 6199999 0.267
chr03 6200000 6299999 0.504
chr03 6300000 6399999 0.398
chr03 6400000 6499999 0.561
chr03 6500000 6599999 0.474
chr03 6600000 6699999 0.371
chr03 6700000 6799999 0.233
chr03 6800000 6899999 0.318
chr03 6900000 6999999 0.281
chr03 7000000 7099999 0.232
chr03 7100000 7199999 0.396
chr03 7200000 7299999 0.121
chr03 7300000 7399999 0.159
chr03 7400000 7499999 0.124
chr03 7500000 7599999 0.214
chr03 7600000 7699999 0.422
chr03 7700000 7799999 0.186
chr03 7800000 7899999 0.388
chr03 7900000 7999999 0.219
chr03 8000000 8099999 0.063
chr03 8100000 8199999 0.115
chr03 8200000 8299999 0.112
chr03 8300000 8399999 0.228
chr03 8400000 8499999 0.281
chr03 8500000 8599999 0.323
chr03 8600000 8699999 0.042
chr03 8700000 8799999 0.036
chr03 8800000 8899999 0.087
chr03 8900000 8999999 0.121
chr03 9000000 9099999 0.251
chr03 9100000 9199999 0.141
chr03 9200000 9299999 0.014
chr03 9300000 9399999 0.048
chr03 9400000 9499999 0.009
chr03 9500000 9599999 0.186
chr03 9600000 9699999 0.01
chr03 9700000 9799999 0.143
chr03 9800000 9899999 0.124
chr03 9900000 9999999 0.236
chr03 10000000 10099999 0.008
chr03 10100000 10199999 0.052
chr03 10200000 10299999 0.025
chr03 10300000 10399999 0.071
chr03 10400000 10499999 0.332
chr03 10500000 10599999 0.09
chr03 10600000 10699999 0.056
chr03 10700000 10799999 0.07
chr03 10800000 10899999 0.065
chr03 10900000 10999999 0.026
chr03 11000000 11099999 0.096
chr03 11100000 11199999 0.037
chr03 11200000 11299999 0.336
chr03 11300000 11399999 0.017
chr03 11400000 11499999 0.216
chr03 11500000 11599999 0.094
chr03 11600000 11699999 0.021
chr03 11700000 11799999 0.031
chr03 11800000 11899999 0.025
chr03 11900000 11999999 0.031
chr03 12000000 12099999 0.219
chr03 12100000 12199999 0.171
chr03 12200000 12299999 0.302
chr03 12300000 12399999 0.186
chr03 12400000 12499999 0.118
chr03 12500000 12599999 0.161
chr03 12600000 12699999 0.221
chr03 12700000 12799999 0.565
chr03 12800000 12899999 0.478
chr03 12900000 12999999 0.309
chr03 13000000 13099999 0.453
chr03 13100000 13199999 0.495
chr03 13200000 13299999 0.495
chr03 13300000 13399999 0.413
chr03 13400000 13499999 0.361
chr03 13500000 13599999 0.785
chr03 13600000 13699999 0.626
chr03 13700000 13799999 0.536
chr03 13800000 13899999 0.495
chr03 13900000 13999999 0.47
chr03 14000000 14099999 0.451
chr03 14100000 14199999 0.493
chr03 14200000 14299999 0.454
chr03 14300000 14399999 0.278
chr03 14400000 14499999 0.619
chr03 14500000 14599999 0.57
chr03 14600000 14699999 0.151
chr03 14700000 14799999 0.245
chr03 14800000 14899999 0.099
chr03 14900000 14999999 0.116
chr03 15000000 15099999 0.055
chr03 15100000 15199999 0.089
chr03 15200000 15299999 0.114
chr03 15300000 15399999 0.178
chr03 15400000 15499999 0.015
chr03 15500000 15599999 0.084
chr03 15600000 15699999 0.124
chr03 15700000 15799999 0.026
chr03 15800000 15899999 0.099
chr03 15900000 15999999 0.009
chr03 16000000 16099999 0.022
chr03 16100000 16199999 0.033
chr03 16200000 16299999 0.03
chr03 16300000 16399999 0.01
chr03 16400000 16499999 0.169
chr03 16500000 16599999 0.59
chr03 16600000 16690192 0.113
chr04 0 99999 0.499
chr04 100000 199999 0.194
chr04 200000 299999 0.247
chr04 300000 399999 0.15
chr04 400000 499999 0.14
chr04 500000 599999 0.269
chr04 600000 699999 0.361
chr04 700000 799999 0.074
chr04 800000 899999 0.027
chr04 900000 999999 0.074
chr04 1000000 1099999 0.078
chr04 1100000 1199999 0.037
chr04 1200000 1299999 0.112
chr04 1300000 1399999 0.081
chr04 1400000 1499999 0.027
chr04 1500000 1599999 0.061
chr04 1600000 1699999 0.091
chr04 1700000 1799999 0.18
chr04 1800000 1899999 0.069
chr04 1900000 1999999 0.051
chr04 2000000 2099999 0.162
chr04 2100000 2199999 0.252
chr04 2200000 2299999 0.109
chr04 2300000 2399999 0.171
chr04 2400000 2499999 0.053
chr04 2500000 2599999 0.057
chr04 2600000 2699999 0.144
chr04 2700000 2799999 0.208
chr04 2800000 2899999 0.06
chr04 2900000 2999999 0.1
chr04 3000000 3099999 0.215
chr04 3100000 3199999 0.045
chr04 3200000 3299999 0.033
chr04 3300000 3399999 0.127
chr04 3400000 3499999 0.152
chr04 3500000 3599999 0.083
chr04 3600000 3699999 0.04
chr04 3700000 3799999 0.049
chr04 3800000 3899999 0.049
chr04 3900000 3999999 0.127
chr04 4000000 4099999 0.035
chr04 4100000 4199999 0.196
chr04 4200000 4299999 0.231
chr04 4300000 4399999 0.049
chr04 4400000 4499999 0.223
chr04 4500000 4599999 0.21
chr04 4600000 4699999 0.26
chr04 4700000 4799999 0.364
chr04 4800000 4899999 0.199
chr04 4900000 4999999 0.111
chr04 5000000 5099999 0.168
chr04 5100000 5199999 0.199
chr04 5200000 5299999 0.178
chr04 5300000 5399999 0.113
chr04 5400000 5499999 0.046
chr04 5500000 5599999 0.207
chr04 5600000 5699999 0.166
chr04 5700000 5799999 0.255
chr04 5800000 5899999 0.088
chr04 5900000 5999999 0.086
chr04 6000000 6099999 0.103
chr04 6100000 6199999 0.093
chr04 6200000 6299999 0.068
chr04 6300000 6399999 0.016
chr04 6400000 6499999 0.089
chr04 6500000 6599999 0.129
chr04 6600000 6699999 0.149
chr04 6700000 6799999 0.029
chr04 6800000 6899999 0.113
chr04 6900000 6999999 0.042
chr04 7000000 7099999 0.086
chr04 7100000 7199999 0.09
chr04 7200000 7299999 0.028
chr04 7300000 7399999 0.09
chr04 7400000 7499999 0.095
chr04 7500000 7599999 0.139
chr04 7600000 7699999 0.214
chr04 7700000 7799999 0.042
chr04 7800000 7899999 0.33
chr04 7900000 7999999 0.162
chr04 8000000 8099999 0.053
chr04 8100000 8199999 0.033
chr04 8200000 8299999 0.056
chr04 8300000 8399999 0.205
chr04 8400000 8499999 0.052
chr04 8500000 8599999 0.168
chr04 8600000 8699999 0.019
chr04 8700000 8799999 0.031
chr04 8800000 8899999 0.11
chr04 8900000 8999999 0.128
chr04 9000000 9099999 0.097
chr04 9100000 9199999 0.034
chr04 9200000 9299999 0.018
chr04 9300000 9399999 0.085
chr04 9400000 9499999 0.009
chr04 9500000 9599999 0.411
chr04 9600000 9699999 0.039
chr04 9700000 9799999 0.131
chr04 9800000 9899999 0.171
chr04 9900000 9999999 0.38
chr04 10000000 10099999 0.113
chr04 10100000 10199999 0.086
chr04 10200000 10299999 0.07
chr04 10300000 10399999 0.156
chr04 10400000 10499999 0.562
chr04 10500000 10599999 0.112
chr04 10600000 10699999 0.046
chr04 10700000 10799999 0.091
chr04 10800000 10899999 0.122
chr04 10900000 10999999 0.155
chr04 11000000 11099999 0.305
chr04 11100000 11199999 0.197
chr04 11200000 11299999 0.392
chr04 11300000 11399999 0.351
chr04 11400000 11499999 0.281
chr04 11500000 11599999 0.267
chr04 11600000 11699999 0.188
chr04 11700000 11799999 0.284
chr04 11800000 11899999 0.251
chr04 11900000 11999999 0.431
chr04 12000000 12099999 0.439
chr04 12100000 12199999 0.425
chr04 12200000 12299999 0.499
chr04 12300000 12399999 0.544
chr04 12400000 12499999 0.258
chr04 12500000 12599999 0.427
chr04 12600000 12699999 0.516
chr04 12700000 12799999 0.432
chr04 12800000 12899999 0.197
chr04 12900000 12999999 0.475
chr04 13000000 13099999 0.507
chr04 13100000 13199999 0.545
chr04 13200000 13299999 0.396
chr04 13300000 13399999 0.362
chr04 13400000 13499999 0.41
chr04 13500000 13599999 0.682
chr04 13600000 13699999 0.394
chr04 13700000 13799999 0.173
chr04 13800000 13899999 0.335
chr04 13900000 13999999 0.115
chr04 14000000 14099999 0.233
chr04 14100000 14199999 0.309
chr04 14200000 14299999 0.321
chr04 14300000 14399999 0.165
chr04 14400000 14499999 0.106
chr04 14500000 14599999 0.126
chr04 14600000 14699999 0.423
chr04 14700000 14799999 0.298
chr04 14800000 14899999 0.054
chr04 14900000 14999999 0.41
chr04 15000000 15099999 0.196
chr04 15100000 15199999 0.427
chr04 15200000 15299999 0.142
chr04 15300000 15399999 0.197
chr04 15400000 15499999 0.315
chr04 15500000 15599999 0.152
chr04 15600000 15699999 0.102
chr04 15700000 15799999 0.043
chr04 15800000 15899999 0.229
chr04 15900000 15999999 0.158
chr04 16000000 16099999 0.148
chr04 16100000 16199999 0.211
chr04 16200000 16218098 0.028
chr05 0 99999 0.346
chr05 100000 199999 0.019
chr05 200000 299999 0.182
chr05 300000 399999 0.28
chr05 400000 499999 0.093
chr05 500000 599999 0.088
chr05 600000 699999 0.348
chr05 700000 799999 0.071
chr05 800000 899999 0.096
chr05 900000 999999 0.04
chr05 1000000 1099999 0.028
chr05 1100000 1199999 0.044
chr05 1200000 1299999 0.087
chr05 1300000 1399999 0.082
chr05 1400000 1499999 0.036
chr05 1500000 1599999 0.011
chr05 1600000 1699999 0.131
chr05 1700000 1799999 0.163
chr05 1800000 1899999 0.069
chr05 1900000 1999999 0.053
chr05 2000000 2099999 0.307
chr05 2100000 2199999 0.286
chr05 2200000 2299999 0.058
chr05 2300000 2399999 0.049
chr05 2400000 2499999 0.044
chr05 2500000 2599999 0.036
chr05 2600000 2699999 0.016
chr05 2700000 2799999 0.22
chr05 2800000 2899999 0.065
chr05 2900000 2999999 0.072
chr05 3000000 3099999 0.05
chr05 3100000 3199999 0.119
chr05 3200000 3299999 0.251
chr05 3300000 3399999 0.079
chr05 3400000 3499999 0.126
chr05 3500000 3599999 0.127
chr05 3600000 3699999 0.059
chr05 3700000 3799999 0.079
chr05 3800000 3899999 0.052
chr05 3900000 3999999 0.117
chr05 4000000 4099999 0.181
chr05 4100000 4199999 0.205
chr05 4200000 4299999 0.266
chr05 4300000 4399999 0.225
chr05 4400000 4499999 0.211
chr05 4500000 4599999 0.175
chr05 4600000 4699999 0.285
chr05 4700000 4799999 0.38
chr05 4800000 4899999 0.197
chr05 4900000 4999999 0.229
chr05 5000000 5099999 0.207
chr05 5100000 5199999 0.41
chr05 5200000 5299999 0.132
chr05 5300000 5399999 0.446
chr05 5400000 5499999 0.114
chr05 5500000 5599999 0.223
chr05 5600000 5699999 0.259
chr05 5700000 5799999 0.279
chr05 5800000 5899999 0.132
chr05 5900000 5999999 0.176
chr05 6000000 6099999 0.133
chr05 6100000 6199999 0.194
chr05 6200000 6299999 0.258
chr05 6300000 6399999 0.436
chr05 6400000 6499999 0.248
chr05 6500000 6599999 0.341
chr05 6600000 6699999 0.423
chr05 6700000 6799999 0.249
chr05 6800000 6899999 0.296
chr05 6900000 6999999 0.412
chr05 7000000 7099999 0.376
chr05 7100000 7199999 0.344
chr05 7200000 7299999 0.371
chr05 7300000 7399999 0.472
chr05 7400000 7499999 0.527
chr05 7500000 7599999 0.593
chr05 7600000 7699999 0.743
chr05 7700000 7799999 0.58
chr05 7800000 7899999 0.626
chr05 7900000 7999999 0.52
chr05 8000000 8099999 0.383
chr05 8100000 8199999 0.549
chr05 8200000 8299999 0.346
chr05 8300000 8399999 0.515
chr05 8400000 8499999 0.375
chr05 8500000 8599999 0.504
chr05 8600000 8699999 0.426
chr05 8700000 8799999 0.233
chr05 8800000 8899999 0.19
chr05 8900000 8999999 0.35
chr05 9000000 9099999 0.159
chr05 9100000 9199999 0.082
chr05 9200000 9299999 0.123
chr05 9300000 9399999 0.11
chr05 9400000 9499999 0.074
chr05 9500000 9599999 0.325
chr05 9600000 9699999 0.067
chr05 9700000 9799999 0.034
chr05 9800000 9899999 0.183
chr05 9900000 9999999 0.219
chr05 10000000 10099999 0.147
chr05 10100000 10199999 0.016
chr05 10200000 10299999 0.081
chr05 10300000 10399999 0.087
chr05 10400000 10499999 0.348
chr05 10500000 10599999 0.061
chr05 10600000 10699999 0.033
chr05 10700000 10799999 0.014
chr05 10800000 10899999 0.084
chr05 10900000 10999999 0.019
chr05 11000000 11099999 0.101
chr05 11100000 11199999 0.031
chr05 11200000 11299999 0.166
chr05 11300000 11399999 0.016
chr05 11400000 11499999 0.044
chr05 11500000 11599999 0.03
chr05 11600000 11699999 0.014
chr05 11700000 11799999 0.02
chr05 11800000 11899999 0.002
chr05 11900000 11999999 0.008
chr05 12000000 12099999 0.107
chr05 12100000 12199999 0.276
chr05 12200000 12299999 0.159
chr05 12300000 12377943 0
chr06 0 99999 0.527
chr06 100000 199999 0.261
chr06 200000 299999 0.542
chr06 300000 399999 0.34
chr06 400000 499999 0.42
chr06 500000 599999 0.387
chr06 600000 699999 0.894
chr06 700000 799999 0.471
chr06 800000 899999 0.454
chr06 900000 999999 0.502
chr06 1000000 1099999 0.33
chr06 1100000 1199999 0.488
chr06 1200000 1299999 0.522
chr06 1300000 1399999 0.535
chr06 1400000 1499999 0.34
chr06 1500000 1599999 0.42
chr06 1600000 1699999 0.303
chr06 1700000 1799999 0.593
chr06 1800000 1899999 0.287
chr06 1900000 1999999 0.488
chr06 2000000 2099999 0.466
chr06 2100000 2199999 1.02
chr06 2200000 2299999 0.627
chr06 2300000 2399999 0.564
chr06 2400000 2499999 0.427
chr06 2500000 2599999 0.242
chr06 2600000 2699999 0.414
chr06 2700000 2799999 0.701
chr06 2800000 2899999 0.534
chr06 2900000 2999999 0.395
chr06 3000000 3099999 0.266
chr06 3100000 3199999 0.454
chr06 3200000 3299999 0.595
chr06 3300000 3399999 0.458
chr06 3400000 3499999 0.408
chr06 3500000 3599999 0.178
chr06 3600000 3699999 0.512
chr06 3700000 3799999 0.461
chr06 3800000 3899999 0.325
chr06 3900000 3999999 0.536
chr06 4000000 4099999 0.436
chr06 4100000 4199999 0.718
chr06 4200000 4299999 0.647
chr06 4300000 4399999 0.655
chr06 4400000 4499999 0.879
chr06 4500000 4599999 0.727
chr06 4600000 4699999 0.699
chr06 4700000 4799999 1.245
chr06 4800000 4899999 0.894
chr06 4900000 4999999 0.897
chr06 5000000 5099999 0.922
chr06 5100000 5199999 0.491
chr06 5200000 5299999 0.484
chr06 5300000 5399999 0.541
chr06 5400000 5499999 0.439
chr06 5500000 5599999 0.469
chr06 5600000 5699999 0.34
chr06 5700000 5799999 0.712
chr06 5800000 5899999 0.326
chr06 5900000 5999999 0.39
chr06 6000000 6099999 0.321
chr06 6100000 6199999 0.442
chr06 6200000 6299999 0.511
chr06 6300000 6399999 0.325
chr06 6400000 6499999 0.356
chr06 6500000 6599999 0.331
chr06 6600000 6699999 0.357
chr06 6700000 6799999 0.218
chr06 6800000 6899999 0.307
chr06 6900000 6999999 0.21
chr06 7000000 7099999 0.244
chr06 7100000 7199999 0.266
chr06 7200000 7299999 0.304
chr06 7300000 7399999 0.475
chr06 7400000 7499999 0.307
chr06 7500000 7599999 0.469
chr06 7600000 7699999 0.467
chr06 7700000 7799999 0.221
chr06 7800000 7899999 0.542
chr06 7900000 7999999 0.302
chr06 8000000 8099999 0.099
chr06 8100000 8199999 0.287
chr06 8200000 8299999 0.076
chr06 8300000 8399999 0.3
chr06 8400000 8499999 0.416
chr06 8500000 8599999 0.123
chr06 8600000 8699999 0.275
chr06 8700000 8799999 0.347
chr06 8800000 8899999 0.309
chr06 8900000 8999999 0.047
chr06 9000000 9099999 0.211
chr06 9100000 9199999 0.105
chr06 9200000 9299999 0.069
chr06 9300000 9399999 0.063
chr06 9400000 9499999 0.557
chr06 9500000 9599999 0.193
chr06 9600000 9699999 0.093
chr06 9700000 9799999 0.219
chr06 9800000 9899999 0.255
chr06 9900000 9999999 0.4
chr06 10000000 10099999 0.563
chr06 10100000 10199999 0.518
chr06 10200000 10299999 0.358
chr06 10300000 10399999 0.456
chr06 10400000 10499999 0.697
chr06 10500000 10599999 0.434
chr06 10600000 10699999 0.416
chr06 10700000 10799999 0.379
chr06 10800000 10899999 0.426
chr06 10900000 10999999 0.591
chr06 11000000 11099999 0.438
chr06 11100000 11199999 0.342
chr06 11200000 11299999 0.528
chr06 11300000 11399999 0.288
chr06 11400000 11499999 0.456
chr06 11500000 11599999 0.431
chr06 11600000 11699999 0.367
chr06 11700000 11799999 0.414
chr06 11800000 11814980 0.501
chr07 0 99999 0.347
chr07 100000 199999 0.024
chr07 200000 299999 0.134
chr07 300000 399999 0.266
chr07 400000 499999 0.208
chr07 500000 599999 0.074
chr07 600000 699999 0.316
chr07 700000 799999 0.048
chr07 800000 899999 0.019
chr07 900000 999999 0.024
chr07 1000000 1099999 0.102
chr07 1100000 1199999 0.03
chr07 1200000 1299999 0.102
chr07 1300000 1399999 0.133
chr07 1400000 1499999 0.084
chr07 1500000 1599999 0.075
chr07 1600000 1699999 0.077
chr07 1700000 1799999 0.031
chr07 1800000 1899999 0.085
chr07 1900000 1999999 0.071
chr07 2000000 2099999 0.148
chr07 2100000 2199999 0.401
chr07 2200000 2299999 0.082
chr07 2300000 2399999 0.079
chr07 2400000 2499999 0.037
chr07 2500000 2599999 0.057
chr07 2600000 2699999 0.152
chr07 2700000 2799999 0.275
chr07 2800000 2899999 0.098
chr07 2900000 2999999 0.134
chr07 3000000 3099999 0.162
chr07 3100000 3199999 0.264
chr07 3200000 3299999 0.093
chr07 3300000 3399999 0.153
chr07 3400000 3499999 0.201
chr07 3500000 3599999 0.127
chr07 3600000 3699999 0.208
chr07 3700000 3799999 0.05
chr07 3800000 3899999 0.311
chr07 3900000 3999999 0.267
chr07 4000000 4099999 0.131
chr07 4100000 4199999 0.419
chr07 4200000 4299999 0.585
chr07 4300000 4399999 0.161
chr07 4400000 4499999 0.362
chr07 4500000 4599999 0.356
chr07 4600000 4699999 0.414
chr07 4700000 4799999 0.477
chr07 4800000 4899999 0.522
chr07 4900000 4999999 0.642
chr07 5000000 5099999 0.492
chr07 5100000 5199999 0.475
chr07 5200000 5299999 0.344
chr07 5300000 5399999 0.334
chr07 5400000 5499999 0.287
chr07 5500000 5599999 0.471
chr07 5600000 5699999 0.481
chr07 5700000 5799999 0.533
chr07 5800000 5899999 0.746
chr07 5900000 5999999 0.685
chr07 6000000 6099999 0.903
chr07 6100000 6199999 0.479
chr07 6200000 6299999 0.93
chr07 6300000 6399999 0.847
chr07 6400000 6499999 0.887
chr07 6500000 6599999 0.943
chr07 6600000 6699999 0.577
chr07 6700000 6799999 0.396
chr07 6800000 6899999 0.491
chr07 6900000 6999999 0.082
chr07 7000000 7099999 0.345
chr07 7100000 7199999 0.186
chr07 7200000 7299999 0.199
chr07 7300000 7399999 0.403
chr07 7400000 7499999 0.199
chr07 7500000 7599999 0.374
chr07 7600000 7699999 0.464
chr07 7700000 7799999 0.366
chr07 7800000 7899999 0.609
chr07 7900000 7999999 0.222
chr07 8000000 8099999 0.121
chr07 8100000 8199999 0.201
chr07 8200000 8299999 0.147
chr07 8300000 8399999 0.342
chr07 8400000 8499999 0.086
chr07 8500000 8599999 0.041
chr07 8600000 8699999 0.026
chr07 8700000 8799999 0.106
chr07 8800000 8899999 0.116
chr07 8900000 8999999 0.134
chr07 9000000 9099999 0.038
chr07 9100000 9199999 0.03
chr07 9200000 9299999 0.032
chr07 9300000 9399999 0.009
chr07 9400000 9499999 0.107
chr07 9500000 9599999 0.186
chr07 9600000 9699999 0.175
chr07 9700000 9799999 0.009
chr07 9800000 9899999 0.12
chr07 9900000 9999999 0.234
chr07 10000000 10099999 0.037
chr07 10100000 10199999 0.057
chr07 10200000 10299999 0.016
chr07 10300000 10399999 0.194
chr07 10400000 10499999 0.369
chr07 10500000 10599999 0.053
chr07 10600000 10699999 0.144
chr07 10700000 10799999 0.011
chr07 10800000 10899999 0.217
chr07 10900000 10999999 0.019
chr07 11000000 11099999 0.019
chr07 11100000 11199999 0.067
chr07 11200000 11299999 0.166
chr07 11300000 11399999 0.021
chr07 11400000 11499999 0.012
chr07 11500000 11599999 0.021
chr07 11600000 11699999 0.005
chr07 11700000 11756462 0.328
chr08 0 99999 0.731
chr08 100000 199999 0.388
chr08 200000 299999 0.333
chr08 300000 399999 0.305
chr08 400000 499999 0.482
chr08 500000 599999 0.302
chr08 600000 699999 0.518
chr08 700000 799999 0.349
chr08 800000 899999 0.017
chr08 900000 999999 0.245
chr08 1000000 1099999 0.081
chr08 1100000 1199999 0.029
chr08 1200000 1299999 0.118
chr08 1300000 1399999 0.24
chr08 1400000 1499999 0.35
chr08 1500000 1599999 0.31
chr08 1600000 1699999 0.272
chr08 1700000 1799999 0.17
chr08 1800000 1899999 0.272
chr08 1900000 1999999 0.232
chr08 2000000 2099999 0.437
chr08 2100000 2199999 0.535
chr08 2200000 2299999 0.312
chr08 2300000 2399999 0.167
chr08 2400000 2499999 0.257
chr08 2500000 2599999 0.18
chr08 2600000 2699999 0.042
chr08 2700000 2799999 0.219
chr08 2800000 2899999 0.073
chr08 2900000 2999999 0.048
chr08 3000000 3099999 0.144
chr08 3100000 3199999 0.144
chr08 3200000 3299999 0.058
chr08 3300000 3399999 0.059
chr08 3400000 3499999 0.361
chr08 3500000 3599999 0.109
chr08 3600000 3699999 0.132
chr08 3700000 3799999 0.064
chr08 3800000 3899999 0.053
chr08 3900000 3999999 0.093
chr08 4000000 4099999 0.124
chr08 4100000 4199999 0.182
chr08 4200000 4299999 0.215
chr08 4300000 4399999 0.103
chr08 4400000 4499999 0.208
chr08 4500000 4599999 0.162
chr08 4600000 4699999 0.294
chr08 4700000 4799999 0.537
chr08 4800000 4899999 0.498
chr08 4900000 4999999 0.522
chr08 5000000 5099999 0.746
chr08 5100000 5199999 0.628
chr08 5200000 5299999 0.582
chr08 5300000 5399999 0.686
chr08 5400000 5499999 0.463
chr08 5500000 5599999 0.176
chr08 5600000 5699999 0.501
chr08 5700000 5799999 0.394
chr08 5800000 5899999 0.209
chr08 5900000 5999999 0.195
chr08 6000000 6099999 0.224
chr08 6100000 6199999 0.319
chr08 6200000 6299999 0.469
chr08 6300000 6399999 0.295
chr08 6400000 6499999 0.419
chr08 6500000 6599999 0.367
chr08 6600000 6699999 0.318
chr08 6700000 6799999 0.123
chr08 6800000 6899999 0.241
chr08 6900000 6999999 0.117
chr08 7000000 7099999 0.127
chr08 7100000 7199999 0.069
chr08 7200000 7299999 0.143
chr08 7300000 7399999 0.392
chr08 7400000 7499999 0.236
chr08 7500000 7599999 0.429
chr08 7600000 7699999 0.243
chr08 7700000 7799999 0.322
chr08 7800000 7899999 0.445
chr08 7900000 7999999 0.196
chr08 8000000 8099999 0.286
chr08 8100000 8199999 0.404
chr08 8200000 8299999 0.13
chr08 8300000 8399999 0.24
chr08 8400000 8499999 0.105
chr08 8500000 8599999 0.07
chr08 8600000 8699999 0.086
chr08 8700000 8799999 0.03
chr08 8800000 8899999 0.068
chr08 8900000 8999999 0.054
chr08 9000000 9099999 0.068
chr08 9100000 9199999 0.043
chr08 9200000 9299999 0.03
chr08 9300000 9399999 0.006
chr08 9400000 9499999 0.023
chr08 9500000 9599999 0.223
chr08 9600000 9699999 0.026
chr08 9700000 9799999 0.042
chr08 9800000 9899999 0.164
chr08 9900000 9999999 0.202
chr08 10000000 10099999 0.02
chr08 10100000 10199999 0.014
chr08 10200000 10299999 0.025
chr08 10300000 10399999 0.054
chr08 10400000 10499999 0.341
chr08 10500000 10599999 0.053
chr08 10600000 10699999 0.031
chr08 10700000 10799999 0
chr08 10800000 10899999 0.027
chr08 10900000 10999999 0.07
chr08 11000000 11099999 0.033
chr08 11100000 11199999 0.074
chr08 11200000 11299999 0.176
chr08 11300000 11399999 0.003
chr08 11400000 11499999 0.006
chr08 11500000 11562797 0.047
chr09 0 99999 0.455
chr09 100000 199999 0.031
chr09 200000 299999 0.131
chr09 300000 399999 0.171
chr09 400000 499999 0.137
chr09 500000 599999 0.196
chr09 600000 699999 0.319
chr09 700000 799999 0.087
chr09 800000 899999 0.153
chr09 900000 999999 0.159
chr09 1000000 1099999 0.078
chr09 1100000 1199999 0.119
chr09 1200000 1299999 0.087
chr09 1300000 1399999 0.091
chr09 1400000 1499999 0.074
chr09 1500000 1599999 0.069
chr09 1600000 1699999 0.149
chr09 1700000 1799999 0.131
chr09 1800000 1899999 0.107
chr09 1900000 1999999 0.144
chr09 2000000 2099999 0.274
chr09 2100000 2199999 0.415
chr09 2200000 2299999 0.326
chr09 2300000 2399999 0.314
chr09 2400000 2499999 0.658
chr09 2500000 2599999 0.342
chr09 2600000 2699999 0.387
chr09 2700000 2799999 0.472
chr09 2800000 2899999 0.425
chr09 2900000 2999999 0.487
chr09 3000000 3099999 0.465
chr09 3100000 3199999 0.592
chr09 3200000 3299999 0.51
chr09 3300000 3399999 0.527
chr09 3400000 3499999 0.566
chr09 3500000 3599999 0.422
chr09 3600000 3699999 0.567
chr09 3700000 3799999 0.137
chr09 3800000 3899999 0.224
chr09 3900000 3999999 0.293
chr09 4000000 4099999 0.232
chr09 4100000 4199999 0.575
chr09 4200000 4299999 0.686
chr09 4300000 4399999 0.256
chr09 4400000 4499999 0.454
chr09 4500000 4599999 0.71
chr09 4600000 4699999 0.604
chr09 4700000 4799999 0.467
chr09 4800000 4899999 0.29
chr09 4900000 4999999 0.204
chr09 5000000 5099999 0.265
chr09 5100000 5199999 0.33
chr09 5200000 5299999 0.185
chr09 5300000 5399999 0.171
chr09 5400000 5499999 0.119
chr09 5500000 5599999 0.1
chr09 5600000 5699999 0.145
chr09 5700000 5799999 0.301
chr09 5800000 5899999 0.017
chr09 5900000 5999999 0.113
chr09 6000000 6099999 0.058
chr09 6100000 6199999 0.088
chr09 6200000 6299999 0.137
chr09 6300000 6399999 0.044
chr09 6400000 6499999 0.129
chr09 6500000 6599999 0.155
chr09 6600000 6699999 0.144
chr09 6700000 6799999 0.081
chr09 6800000 6899999 0.098
chr09 6900000 6999999 0.032
chr09 7000000 7099999 0.121
chr09 7100000 7199999 0.029
chr09 7200000 7299999 0.044
chr09 7300000 7399999 0.09
chr09 7400000 7499999 0.112
chr09 7500000 7599999 0.206
chr09 7600000 7699999 0.207
chr09 7700000 7799999 0.058
chr09 7800000 7899999 0.316
chr09 7900000 7999999 0.153
chr09 8000000 8099999 0.065
chr09 8100000 8199999 0.016
chr09 8200000 8299999 0.059
chr09 8300000 8399999 0.217
chr09 8400000 8499999 0.108
chr09 8500000 8599999 0.041
chr09 8600000 8699999 0.067
chr09 8700000 8799999 0.032
chr09 8800000 8899999 0.062
chr09 8900000 8999999 0.008
chr09 9000000 9099999 0.01
chr09 9100000 9199999 0.027
chr09 9200000 9299999 0.011
chr09 9300000 9399999 0.008
chr09 9400000 9499999 0.044
chr09 9500000 9599999 0.184
chr09 9600000 9699999 0.016
chr09 9700000 9799999 0.005
chr09 9800000 9899999 0.116
chr09 9900000 9999999 0.211
chr09 10000000 10099999 0.007
chr09 10100000 10196326 0.565
chr10 0 99999 0.406
chr10 100000 199999 0.015
chr10 200000 299999 0.143
chr10 300000 399999 0.128
chr10 400000 499999 0.118
chr10 500000 599999 0.174
chr10 600000 699999 0.393
chr10 700000 799999 0.115
chr10 800000 899999 0.179
chr10 900000 999999 0.05
chr10 1000000 1099999 0.101
chr10 1100000 1199999 0.096
chr10 1200000 1299999 0.33
chr10 1300000 1399999 0.26
chr10 1400000 1499999 0.163
chr10 1500000 1599999 0.208
chr10 1600000 1699999 0.41
chr10 1700000 1799999 0.156
chr10 1800000 1899999 0.138
chr10 1900000 1999999 0.163
chr10 2000000 2099999 0.283
chr10 2100000 2199999 0.607
chr10 2200000 2299999 0.678
chr10 2300000 2399999 0.43
chr10 2400000 2499999 0.369
chr10 2500000 2599999 0.369
chr10 2600000 2699999 0.527
chr10 2700000 2799999 0.493
chr10 2800000 2899999 0.233
chr10 2900000 2999999 0.522
chr10 3000000 3099999 0.287
chr10 3100000 3199999 0.43
chr10 3200000 3299999 0.456
chr10 3300000 3399999 0.393
chr10 3400000 3499999 0.484
chr10 3500000 3599999 0.416
chr10 3600000 3699999 0.644
chr10 3700000 3799999 0.671
chr10 3800000 3899999 0.57
chr10 3900000 3999999 0.436
chr10 4000000 4099999 0.695
chr10 4100000 4199999 0.437
chr10 4200000 4299999 0.66
chr10 4300000 4399999 0.56
chr10 4400000 4499999 0.466
chr10 4500000 4599999 0.599
chr10 4600000 4699999 0.795
chr10 4700000 4799999 0.829
chr10 4800000 4899999 0.93
chr10 4900000 4999999 0.414
chr10 5000000 5099999 0.537
chr10 5100000 5199999 0.558
chr10 5200000 5299999 0.505
chr10 5300000 5399999 0.465
chr10 5400000 5499999 0.247
chr10 5500000 5599999 0.303
chr10 5600000 5699999 0.378
chr10 5700000 5799999 0.633
chr10 5800000 5899999 0.064
chr10 5900000 5999999 0.464
chr10 6000000 6099999 0.58
chr10 6100000 6199999 0.382
chr10 6200000 6299999 0.569
chr10 6300000 6399999 0.438
chr10 6400000 6499999 0.157
chr10 6500000 6599999 0.179
chr10 6600000 6699999 0.252
chr10 6700000 6799999 0.104
chr10 6800000 6899999 0.191
chr10 6900000 6999999 0.179
chr10 7000000 7099999 0.225
chr10 7100000 7199999 0.138
chr10 7200000 7299999 0.189
chr10 7300000 7399999 0.246
chr10 7400000 7499999 0.08
chr10 7500000 7599999 0.288
chr10 7600000 7699999 0.269
chr10 7700000 7799999 0.083
chr10 7800000 7899999 0.349
chr10 7900000 7999999 0.244
chr10 8000000 8099999 0.14
chr10 8100000 8199999 0.101
chr10 8200000 8299999 0.088
chr10 8300000 8399999 0.325
chr10 8400000 8499999 0.186
chr10 8500000 8599999 0.044
chr10 8600000 8699999 0.026
chr10 8700000 8799999 0.003
chr10 8800000 8899999 0.069
chr10 8900000 8999999 0.075
chr10 9000000 9099999 0.016
chr10 9100000 9199999 0.016
chr10 9200000 9299999 0.012
chr10 9300000 9399999 0.005
chr10 9400000 9499999 0.424
chr10 9500000 9599999 0.393
chr10 9600000 9699999 0.424
chr10 9700000 9799999 0.609
chr10 9800000 9899999 0.678
chr10 9900000 9935332 0.794
chr11 0 99999 0.402
chr11 100000 199999 0.408
chr11 200000 299999 0.206
chr11 300000 399999 0.105
chr11 400000 499999 0.274
chr11 500000 599999 0.103
chr11 600000 699999 0.332
chr11 700000 799999 0.053
chr11 800000 899999 0.061
chr11 900000 999999 0.086
chr11 1000000 1099999 0.031
chr11 1100000 1199999 0.026
chr11 1200000 1299999 0.094
chr11 1300000 1399999 0.093
chr11 1400000 1499999 0.03
chr11 1500000 1599999 0.007
chr11 1600000 1699999 0.073
chr11 1700000 1799999 0.026
chr11 1800000 1899999 0.154
chr11 1900000 1999999 0.052
chr11 2000000 2099999 0.19
chr11 2100000 2199999 0.257
chr11 2200000 2299999 0.057
chr11 2300000 2399999 0.053
chr11 2400000 2499999 0.042
chr11 2500000 2599999 0.055
chr11 2600000 2699999 0.026
chr11 2700000 2799999 0.262
chr11 2800000 2899999 0.107
chr11 2900000 2999999 0.022
chr11 3000000 3099999 0.23
chr11 3100000 3199999 0.052
chr11 3200000 3299999 0.038
chr11 3300000 3399999 0.027
chr11 3400000 3499999 0.121
chr11 3500000 3599999 0.076
chr11 3600000 3699999 0.038
chr11 3700000 3799999 0.042
chr11 3800000 3899999 0.057
chr11 3900000 3999999 0.199
chr11 4000000 4099999 0.038
chr11 4100000 4199999 0.293
chr11 4200000 4299999 0.227
chr11 4300000 4399999 0.096
chr11 4400000 4499999 0.31
chr11 4500000 4599999 0.217
chr11 4600000 4699999 0.379
chr11 4700000 4799999 0.412
chr11 4800000 4899999 0.326
chr11 4900000 4999999 0.138
chr11 5000000 5099999 0.306
chr11 5100000 5199999 0.316
chr11 5200000 5299999 0.122
chr11 5300000 5399999 0.278
chr11 5400000 5499999 0.259
chr11 5500000 5599999 0.198
chr11 5600000 5699999 0.345
chr11 5700000 5799999 0.271
chr11 5800000 5899999 0.178
chr11 5900000 5999999 0.26
chr11 6000000 6099999 0.365
chr11 6100000 6199999 0.588
chr11 6200000 6299999 0.38
chr11 6300000 6399999 0.285
chr11 6400000 6499999 0.457
chr11 6500000 6599999 0.645
chr11 6600000 6699999 0.562
chr11 6700000 6799999 0.468
chr11 6800000 6899999 0.581
chr11 6900000 6999999 0.441
chr11 7000000 7099999 0.506
chr11 7100000 7199999 0.468
chr11 7200000 7299999 0.452
chr11 7300000 7399999 0.549
chr11 7400000 7499999 0.624
chr11 7500000 7599999 0.559
chr11 7600000 7699999 0.781
chr11 7700000 7799999 0.227
chr11 7800000 7899999 0.472
chr11 7900000 7999999 0.398
chr11 8000000 8099999 0.247
chr11 8100000 8199999 0.403
chr11 8200000 8299999 0.23
chr11 8300000 8399999 0.334
chr11 8400000 8499999 0.243
chr11 8500000 8599999 0.427
chr11 8600000 8699999 0.086
chr11 8700000 8799999 0.067
chr11 8800000 8899999 0.163
chr11 8900000 8999999 0.04
chr11 9000000 9099999 0.076
chr11 9100000 9199999 0.122
chr11 9200000 9299999 0.149
chr11 9300000 9320891 0.653
chr12 0 99999 0.347
chr12 100000 199999 0.003
chr12 200000 299999 0.276
chr12 300000 399999 0.084
chr12 400000 499999 0.273
chr12 500000 599999 0.261
chr12 600000 699999 0.304
chr12 700000 799999 0.049
chr12 800000 899999 0.026
chr12 900000 999999 0.015
chr12 1000000 1099999 0.071
chr12 1100000 1199999 0.015
chr12 1200000 1299999 0.095
chr12 1300000 1399999 0.086
chr12 1400000 1499999 0.031
chr12 1500000 1599999 0.018
chr12 1600000 1699999 0.069
chr12 1700000 1799999 0.081
chr12 1800000 1899999 0.058
chr12 1900000 1999999 0.067
chr12 2000000 2099999 0.194
chr12 2100000 2199999 0.262
chr12 2200000 2299999 0.112
chr12 2300000 2399999 0.047
chr12 2400000 2499999 0.041
chr12 2500000 2599999 0.063
chr12 2600000 2699999 0.022
chr12 2700000 2799999 0.214
chr12 2800000 2899999 0.063
chr12 2900000 2999999 0.085
chr12 3000000 3099999 0.055
chr12 3100000 3199999 0.053
chr12 3200000 3299999 0.059
chr12 3300000 3399999 0.052
chr12 3400000 3499999 0.143
chr12 3500000 3599999 0.175
chr12 3600000 3699999 0.052
chr12 3700000 3799999 0.052
chr12 3800000 3899999 0.065
chr12 3900000 3999999 0.106
chr12 4000000 4099999 0.045
chr12 4100000 4199999 0.197
chr12 4200000 4299999 0.223
chr12 4300000 4399999 0.116
chr12 4400000 4499999 0.218
chr12 4500000 4599999 0.204
chr12 4600000 4699999 0.329
chr12 4700000 4799999 0.467
chr12 4800000 4899999 0.241
chr12 4900000 4999999 0.165
chr12 5000000 5099999 0.253
chr12 5100000 5199999 0.509
chr12 5200000 5299999 0.228
chr12 5300000 5399999 0.326
chr12 5400000 5499999 0.512
chr12 5500000 5599999 0.212
chr12 5600000 5699999 0.368
chr12 5700000 5799999 0.432
chr12 5800000 5899999 0.247
chr12 5900000 5999999 0.341
chr12 6000000 6099999 0.133
chr12 6100000 6199999 0.156
chr12 6200000 6299999 0.14
chr12 6300000 6399999 0.102
chr12 6400000 6499999 0.104
chr12 6500000 6599999 0.145
chr12 6600000 6699999 0.151
chr12 6700000 6799999 0.077
chr12 6800000 6899999 0.129
chr12 6900000 6999999 0.102
chr12 7000000 7099999 0.159
chr12 7100000 7199999 0.153
chr12 7200000 7299999 0.119
chr12 7300000 7399999 0.46
chr12 7400000 7499999 0.232
chr12 7500000 7599999 0.365
chr12 7600000 7699999 0.503
chr12 7700000 7799999 0.177
chr12 7800000 7899999 0.465
chr12 7900000 7999999 0.208
chr12 8000000 8099999 0.331
chr12 8100000 8199999 0.375
chr12 8200000 8299999 0.386
chr12 8300000 8399999 0.334
chr12 8400000 8499999 0.389
chr12 8500000 8599999 0.119
chr12 8600000 8699999 0.056
chr12 8700000 8799999 0.003
chr12 8800000 8899999 0.065
chr12 8900000 8999999 0.003
chr12 9000000 9099999 0.04
chr12 9100000 9199999 0.018
chr12 9200000 9299999 0.02
chr12 9300000 9319760 0
chr13 0 99999 0.369
chr13 100000 199999 0.148
chr13 200000 299999 0.144
chr13 300000 399999 0.086
chr13 400000 499999 0.098
chr13 500000 599999 0.073
chr13 600000 699999 0.326
chr13 700000 799999 0.05
chr13 800000 899999 0.018
chr13 900000 999999 0.016
chr13 1000000 1099999 0.025
chr13 1100000 1199999 0.033
chr13 1200000 1299999 0.153
chr13 1300000 1399999 0.087
chr13 1400000 1499999 0.033
chr13 1500000 1599999 0.028
chr13 1600000 1699999 0.197
chr13 1700000 1799999 0.049
chr13 1800000 1899999 0.1
chr13 1900000 1999999 0.063
chr13 2000000 2099999 0.165
chr13 2100000 2199999 0.264
chr13 2200000 2299999 0.095
chr13 2300000 2399999 0.19
chr13 2400000 2499999 0.072
chr13 2500000 2599999 0.044
chr13 2600000 2699999 0.024
chr13 2700000 2799999 0.487
chr13 2800000 2899999 0.112
chr13 2900000 2999999 0.083
chr13 3000000 3099999 0.165
chr13 3100000 3199999 0.182
chr13 3200000 3299999 0.061
chr13 3300000 3399999 0.203
chr13 3400000 3499999 0.325
chr13 3500000 3599999 0.316
chr13 3600000 3699999 0.302
chr13 3700000 3799999 0.163
chr13 3800000 3899999 0.117
chr13 3900000 3999999 0.293
chr13 4000000 4099999 0.338
chr13 4100000 4199999 0.355
chr13 4200000 4299999 0.337
chr13 4300000 4399999 0.156
chr13 4400000 4499999 0.388
chr13 4500000 4599999 0.539
chr13 4600000 4699999 0.492
chr13 4700000 4799999 0.714
chr13 4800000 4899999 0.755
chr13 4900000 4999999 0.582
chr13 5000000 5099999 0.579
chr13 5100000 5199999 0.647
chr13 5200000 5299999 0.515
chr13 5300000 5399999 0.536
chr13 5400000 5499999 0.531
chr13 5500000 5599999 0.344
chr13 5600000 5699999 0.615
chr13 5700000 5799999 0.571
chr13 5800000 5899999 0.544
chr13 5900000 5999999 0.45
chr13 6000000 6099999 0.347
chr13 6100000 6199999 0.378
chr13 6200000 6299999 0.382
chr13 6300000 6399999 0.361
chr13 6400000 6499999 0.593
chr13 6500000 6599999 0.455
chr13 6600000 6699999 0.459
chr13 6700000 6799999 0.145
chr13 6800000 6899999 0.24
chr13 6900000 6999999 0.171
chr13 7000000 7099999 0.189
chr13 7100000 7199999 0.18
chr13 7200000 7299999 0.225
chr13 7300000 7399999 0.22
chr13 7400000 7499999 0.178
chr13 7500000 7599999 0.183
chr13 7600000 7699999 0.228
chr13 7700000 7799999 0.056
chr13 7800000 7899999 0.342
chr13 7900000 7999999 0.195
chr13 8000000 8099999 0.099
chr13 8100000 8199999 0.032
chr13 8200000 8299999 0.038
chr13 8300000 8399999 0.209
chr13 8400000 8499999 0.062
chr13 8500000 8599999 0.062
chr13 8600000 8699999 0.021
chr13 8700000 8799999 0
chr13 8800000 8899999 0.065
chr13 8900000 8999999 0.215
chr13 9000000 9099999 0.096
chr13 9100000 9199999 0.037
chr13 9200000 9251768 0.05
chr14 0 99999 0.446
chr14 100000 199999 0.25
chr14 200000 299999 0.144
chr14 300000 399999 0.175
chr14 400000 499999 0.176
chr14 500000 599999 0.095
chr14 600000 699999 0.329
chr14 700000 799999 0.18
chr14 800000 899999 0.041
chr14 900000 999999 0.039
chr14 1000000 1099999 0.035
chr14 1100000 1199999 0.094
chr14 1200000 1299999 0.184
chr14 1300000 1399999 0.359
chr14 1400000 1499999 0.178
chr14 1500000 1599999 0.438
chr14 1600000 1699999 0.172
chr14 1700000 1799999 0.183
chr14 1800000 1899999 0.597
chr14 1900000 1999999 0.277
chr14 2000000 2099999 0.517
chr14 2100000 2199999 0.508
chr14 2200000 2299999 0.355
chr14 2300000 2399999 0.351
chr14 2400000 2499999 0.2
chr14 2500000 2599999 0.329
chr14 2600000 2699999 0.236
chr14 2700000 2799999 0.419
chr14 2800000 2899999 0.331
chr14 2900000 2999999 0.354
chr14 3000000 3099999 0.263
chr14 3100000 3199999 0.481
chr14 3200000 3299999 0.591
chr14 3300000 3399999 0.361
chr14 3400000 3499999 0.61
chr14 3500000 3599999 0.529
chr14 3600000 3699999 0.499
chr14 3700000 3799999 0.645
chr14 3800000 3899999 0.56
chr14 3900000 3999999 0.433
chr14 4000000 4099999 0.332
chr14 4100000 4199999 0.509
chr14 4200000 4299999 0.665
chr14 4300000 4399999 0.395
chr14 4400000 4499999 0.617
chr14 4500000 4599999 0.654
chr14 4600000 4699999 0.687
chr14 4700000 4799999 0.481
chr14 4800000 4899999 0.269
chr14 4900000 4999999 0.438
chr14 5000000 5099999 0.278
chr14 5100000 5199999 0.247
chr14 5200000 5299999 0.182
chr14 5300000 5399999 0.259
chr14 5400000 5499999 0.207
chr14 5500000 5599999 0.082
chr14 5600000 5699999 0.209
chr14 5700000 5799999 0.303
chr14 5800000 5899999 0.094
chr14 5900000 5999999 0.494
chr14 6000000 6099999 0.115
chr14 6100000 6199999 0.128
chr14 6200000 6299999 0.106
chr14 6300000 6399999 0.035
chr14 6400000 6499999 0.114
chr14 6500000 6599999 0.16
chr14 6600000 6699999 0.215
chr14 6700000 6799999 0.057
chr14 6800000 6899999 0.077
chr14 6900000 6999999 0.044
chr14 7000000 7099999 0.09
chr14 7100000 7199999 0.022
chr14 7200000 7299999 0.036
chr14 7300000 7399999 0.086
chr14 7400000 7499999 0.075
chr14 7500000 7599999 0.289
chr14 7600000 7699999 0.249
chr14 7700000 7799999 0.088
chr14 7800000 7899999 0.309
chr14 7900000 7999999 0.179
chr14 8000000 8099999 0.059
chr14 8100000 8199999 0.086
chr14 8200000 8299999 0.043
chr14 8300000 8399999 0.208
chr14 8400000 8499999 0.055
chr14 8500000 8599999 0.038
chr14 8600000 8699999 0.008
chr14 8700000 8799999 0.049
chr14 8800000 8899999 0.056
chr14 8900000 8999999 0.045
chr14 9000000 9099999 0.136
chr14 9100000 9142218 0.006
chr15 0 99999 0.443
chr15 100000 199999 0.243
chr15 200000 299999 0.275
chr15 300000 399999 0.357
chr15 400000 499999 0.516
chr15 500000 599999 0.631
chr15 600000 699999 0.725
chr15 700000 799999 0.495
chr15 800000 899999 0.462
chr15 900000 999999 0.577
chr15 1000000 1099999 0.486
chr15 1100000 1199999 0.577
chr15 1200000 1299999 0.493
chr15 1300000 1399999 0.421
chr15 1400000 1499999 0.566
chr15 1500000 1599999 0.358
chr15 1600000 1699999 0.516
chr15 1700000 1799999 0.387
chr15 1800000 1899999 0.471
chr15 1900000 1999999 0.372
chr15 2000000 2099999 0.502
chr15 2100000 2199999 0.551
chr15 2200000 2299999 0.329
chr15 2300000 2399999 0.622
chr15 2400000 2499999 0.415
chr15 2500000 2599999 0.143
chr15 2600000 2699999 0.21
chr15 2700000 2799999 0.373
chr15 2800000 2899999 0.07
chr15 2900000 2999999 0.041
chr15 3000000 3099999 0.066
chr15 3100000 3199999 0.312
chr15 3200000 3299999 0.199
chr15 3300000 3399999 0.247
chr15 3400000 3499999 0.152
chr15 3500000 3599999 0.132
chr15 3600000 3699999 0.06
chr15 3700000 3799999 0.089
chr15 3800000 3899999 0.123
chr15 3900000 3999999 0.194
chr15 4000000 4099999 0.218
chr15 4100000 4199999 0.676
chr15 4200000 4299999 0.331
chr15 4300000 4399999 0.088
chr15 4400000 4499999 0.366
chr15 4500000 4599999 0.321
chr15 4600000 4699999 0.274
chr15 4700000 4799999 0.364
chr15 4800000 4899999 0.22
chr15 4900000 4999999 0.116
chr15 5000000 5099999 0.209
chr15 5100000 5199999 0.479
chr15 5200000 5299999 0.182
chr15 5300000 5399999 0.296
chr15 5400000 5499999 0.106
chr15 5500000 5599999 0.389
chr15 5600000 5699999 0.427
chr15 5700000 5799999 0.617
chr15 5800000 5899999 0.34
chr15 5900000 5999999 0.291
chr15 6000000 6099999 0.057
chr15 6100000 6199999 0.111
chr15 6200000 6299999 0.139
chr15 6300000 6399999 0.024
chr15 6400000 6499999 0.208
chr15 6500000 6599999 0.244
chr15 6600000 6699999 0.145
chr15 6700000 6799999 0.053
chr15 6800000 6899999 0.071
chr15 6900000 6999999 0.031
chr15 7000000 7099999 0.094
chr15 7100000 7199999 0.023
chr15 7200000 7299999 0.077
chr15 7300000 7399999 0.277
chr15 7400000 7499999 0.142
chr15 7500000 7599999 0.192
chr15 7600000 7699999 0.336
chr15 7700000 7799999 0.18
chr15 7800000 7899999 0.311
chr15 7900000 7999999 0.146
chr15 8000000 8099999 0.038
chr15 8100000 8199999 0.018
chr15 8200000 8299999 0.071
chr15 8300000 8399999 0.239
chr15 8400000 8464858 0.013
chr16 0 99999 0.386
chr16 100000 199999 0.055
chr16 200000 299999 0.366
chr16 300000 399999 0.245
chr16 400000 499999 0.35
chr16 500000 599999 0.183
chr16 600000 699999 0.464
chr16 700000 799999 0.345
chr16 800000 899999 0.126
chr16 900000 999999 0.222
chr16 1000000 1099999 0.427
chr16 1100000 1199999 0.358
chr16 1200000 1299999 0.488
chr16 1300000 1399999 0.445
chr16 1400000 1499999 0.482
chr16 1500000 1599999 0.752
chr16 1600000 1699999 0.617
chr16 1700000 1799999 0.421
chr16 1800000 1899999 0.451
chr16 1900000 1999999 0.548
chr16 2000000 2099999 0.56
chr16 2100000 2199999 0.508
chr16 2200000 2299999 0.494
chr16 2300000 2399999 0.344
chr16 2400000 2499999 0.556
chr16 2500000 2599999 0.338
chr16 2600000 2699999 0.32
chr16 2700000 2799999 0.642
chr16 2800000 2899999 0.224
chr16 2900000 2999999 0.279
chr16 3000000 3099999 0.166
chr16 3100000 3199999 0.209
chr16 3200000 3299999 0.239
chr16 3300000 3399999 0.094
chr16 3400000 3499999 0.166
chr16 3500000 3599999 0.074
chr16 3600000 3699999 0.15
chr16 3700000 3799999 0.048
chr16 3800000 3899999 0.065
chr16 3900000 3999999 0.125
chr16 4000000 4099999 0.092
chr16 4100000 4199999 0.373
chr16 4200000 4299999 0.239
chr16 4300000 4399999 0.038
chr16 4400000 4499999 0.226
chr16 4500000 4599999 0.209
chr16 4600000 4699999 0.274
chr16 4700000 4799999 0.347
chr16 4800000 4899999 0.179
chr16 4900000 4999999 0.104
chr16 5000000 5099999 0.207
chr16 5100000 5199999 0.221
chr16 5200000 5299999 0.15
chr16 5300000 5399999 0.12
chr16 5400000 5499999 0.043
chr16 5500000 5599999 0.066
chr16 5600000 5699999 0.141
chr16 5700000 5799999 0.288
chr16 5800000 5899999 0.053
chr16 5900000 5999999 0.097
chr16 6000000 6099999 0.044
chr16 6100000 6199999 0.075
chr16 6200000 6299999 0.085
chr16 6300000 6399999 0.123
chr16 6400000 6499999 0.089
chr16 6500000 6599999 0.197
chr16 6600000 6699999 0.225
chr16 6700000 6799999 0.142
chr16 6800000 6899999 0.059
chr16 6900000 6999999 0.052
chr16 7000000 7099999 0.115
chr16 7100000 7199999 0.093
chr16 7200000 7299999 0.043
chr16 7300000 7399999 0.086
chr16 7400000 7499999 0.078
chr16 7500000 7599999 0.141
chr16 7600000 7699999 0.214
chr16 7700000 7799999 0.022
chr16 7800000 7899999 0.329
chr16 7900000 7999999 0.205
chr16 8000000 8099999 0.062
chr16 8100000 8199999 0.059
chr16 8200000 8259473 0.081
chr17 0 99999 0.39
chr17 100000 199999 0.116
chr17 200000 299999 0.14
chr17 300000 399999 0.194
chr17 400000 499999 0.25
chr17 500000 599999 0.247
chr17 600000 699999 0.512
chr17 700000 799999 0.171
chr17 800000 899999 0.191
chr17 900000 999999 0.355
chr17 1000000 1099999 0.421
chr17 1100000 1199999 0.553
chr17 1200000 1299999 0.477
chr17 1300000 1399999 0.622
chr17 1400000 1499999 0.377
chr17 1500000 1599999 0.367
chr17 1600000 1699999 0.532
chr17 1700000 1799999 0.75
chr17 1800000 1899999 0.593
chr17 1900000 1999999 0.533
chr17 2000000 2099999 0.509
chr17 2100000 2199999 0.723
chr17 2200000 2299999 0.39
chr17 2300000 2399999 0.537
chr17 2400000 2499999 0.349
chr17 2500000 2599999 0.406
chr17 2600000 2699999 0.394
chr17 2700000 2799999 0.567
chr17 2800000 2899999 0.617
chr17 2900000 2999999 0.249
chr17 3000000 3099999 0.385
chr17 3100000 3199999 0.37
chr17 3200000 3299999 0.419
chr17 3300000 3399999 0.282
chr17 3400000 3499999 0.236
chr17 3500000 3599999 0.205
chr17 3600000 3699999 0.092
chr17 3700000 3799999 0.424
chr17 3800000 3899999 0.169
chr17 3900000 3999999 0.152
chr17 4000000 4099999 0.036
chr17 4100000 4199999 0.188
chr17 4200000 4299999 0.234
chr17 4300000 4399999 0.039
chr17 4400000 4499999 0.229
chr17 4500000 4599999 0.175
chr17 4600000 4699999 0.315
chr17 4700000 4799999 0.42
chr17 4800000 4899999 0.249
chr17 4900000 4999999 0.128
chr17 5000000 5099999 0.295
chr17 5100000 5199999 0.224
chr17 5200000 5299999 0.158
chr17 5300000 5399999 0.129
chr17 5400000 5499999 0.048
chr17 5500000 5599999 0.072
chr17 5600000 5699999 0.14
chr17 5700000 5799999 0.324
chr17 5800000 5899999 0.018
chr17 5900000 5999999 0.088
chr17 6000000 6099999 0.079
chr17 6100000 6199999 0.111
chr17 6200000 6299999 0.071
chr17 6300000 6399999 0.035
chr17 6400000 6499999 0.153
chr17 6500000 6599999 0.133
chr17 6600000 6699999 0.147
chr17 6700000 6799999 0.063
chr17 6800000 6899999 0.09
chr17 6900000 6999999 0.08
chr17 7000000 7099999 0.138
chr17 7100000 7199999 0.143
chr17 7200000 7299999 0.02
chr17 7300000 7399999 0.191
chr17 7400000 7499999 0.128
chr17 7500000 7599999 0.154
chr17 7600000 7699999 0.241
chr17 7700000 7799999 0.065
chr17 7800000 7880548 0.032
chr18 0 99999 0.367
chr18 100000 199999 0.077
chr18 200000 299999 0.183
chr18 300000 399999 0.375
chr18 400000 499999 0.508
chr18 500000 599999 0.486
chr18 600000 699999 0.713
chr18 700000 799999 0.493
chr18 800000 899999 0.486
chr18 900000 999999 0.091
chr18 1000000 1099999 0.294
chr18 1100000 1199999 0.459
chr18 1200000 1299999 0.666
chr18 1300000 1399999 0.59
chr18 1400000 1499999 0.498
chr18 1500000 1599999 0.498
chr18 1600000 1699999 0.373
chr18 1700000 1799999 0.463
chr18 1800000 1899999 0.387
chr18 1900000 1999999 0.344
chr18 2000000 2099999 0.511
chr18 2100000 2199999 0.553
chr18 2200000 2299999 0.473
chr18 2300000 2399999 0.316
chr18 2400000 2499999 0.382
chr18 2500000 2599999 0.365
chr18 2600000 2699999 0.223
chr18 2700000 2799999 0.495
chr18 2800000 2899999 0.247
chr18 2900000 2999999 0.259
chr18 3000000 3099999 0.032
chr18 3100000 3199999 0.103
chr18 3200000 3299999 0.136
chr18 3300000 3399999 0.073
chr18 3400000 3499999 0.253
chr18 3500000 3599999 0.14
chr18 3600000 3699999 0.035
chr18 3700000 3799999 0.078
chr18 3800000 3899999 0.124
chr18 3900000 3999999 0.169
chr18 4000000 4099999 0.048
chr18 4100000 4199999 0.189
chr18 4200000 4299999 0.317
chr18 4300000 4399999 0.099
chr18 4400000 4499999 0.339
chr18 4500000 4599999 0.293
chr18 4600000 4699999 0.579
chr18 4700000 4799999 0.357
chr18 4800000 4899999 0.202
chr18 4900000 4999999 0.098
chr18 5000000 5099999 0.181
chr18 5100000 5199999 0.321
chr18 5200000 5299999 0.104
chr18 5300000 5399999 0.23
chr18 5400000 5499999 0.077
chr18 5500000 5599999 0.069
chr18 5600000 5699999 0.156
chr18 5700000 5799999 0.276
chr18 5800000 5899999 0.05
chr18 5900000 5999999 0.198
chr18 6000000 6099999 0.052
chr18 6100000 6199999 0.075
chr18 6200000 6299999 0.082
chr18 6300000 6399999 0.164
chr18 6400000 6499999 0.103
chr18 6500000 6599999 0.202
chr18 6600000 6699999 0.155
chr18 6700000 6799999 0.028
chr18 6800000 6899999 0.152
chr18 6900000 6999999 0.051
chr18 7000000 7099999 0.133
chr18 7100000 7199999 0.139
chr18 7200000 7299999 0.048
chr18 7300000 7399999 0.522
chr18 7400000 7499999 0.415
chr18 7500000 7571593 0.192
chr19 0 99999 0.462
chr19 100000 199999 0.021
chr19 200000 299999 0.206
chr19 300000 399999 0.082
chr19 400000 499999 0.105
chr19 500000 599999 0.095
chr19 600000 699999 0.32
chr19 700000 799999 0.062
chr19 800000 899999 0.046
chr19 900000 999999 0.128
chr19 1000000 1099999 0.115
chr19 1100000 1199999 0.066
chr19 1200000 1299999 0.144
chr19 1300000 1399999 0.109
chr19 1400000 1499999 0.295
chr19 1500000 1599999 0.293
chr19 1600000 1699999 0.247
chr19 1700000 1799999 0.106
chr19 1800000 1899999 0.262
chr19 1900000 1999999 0.341
chr19 2000000 2099999 0.49
chr19 2100000 2199999 0.679
chr19 2200000 2299999 0.217
chr19 2300000 2399999 0.373
chr19 2400000 2499999 0.378
chr19 2500000 2599999 0.394
chr19 2600000 2699999 0.203
chr19 2700000 2799999 0.486
chr19 2800000 2899999 0.441
chr19 2900000 2999999 0.534
chr19 3000000 3099999 0.29
chr19 3100000 3199999 0.643
chr19 3200000 3299999 0.604
chr19 3300000 3399999 0.487
chr19 3400000 3499999 0.556
chr19 3500000 3599999 0.404
chr19 3600000 3699999 0.539
chr19 3700000 3799999 0.253
chr19 3800000 3899999 0.467
chr19 3900000 3999999 0.316
chr19 4000000 4099999 0.358
chr19 4100000 4199999 0.446
chr19 4200000 4299999 0.538
chr19 4300000 4399999 0.272
chr19 4400000 4499999 0.365
chr19 4500000 4599999 0.393
chr19 4600000 4699999 0.563
chr19 4700000 4799999 0.577
chr19 4800000 4899999 0.48
chr19 4900000 4999999 0.385
chr19 5000000 5099999 0.443
chr19 5100000 5199999 0.587
chr19 5200000 5299999 0.327
chr19 5300000 5399999 0.483
chr19 5400000 5499999 0.393
chr19 5500000 5599999 0.33
chr19 5600000 5699999 0.382
chr19 5700000 5799999 0.284
chr19 5800000 5899999 0.42
chr19 5900000 5999999 0.32
chr19 6000000 6099999 0.222
chr19 6100000 6199999 0.242
chr19 6200000 6299999 0.48
chr19 6300000 6399999 0.156
chr19 6400000 6499999 0.102
chr19 6500000 6599999 0.425
chr19 6600000 6699999 0.149
chr19 6700000 6799999 0.053
chr19 6800000 6899999 0.097
chr19 6900000 6999999 0.042
chr19 7000000 7099999 0.167
chr19 7100000 7199999 0.035
chr19 7200000 7299999 0.039
chr19 7300000 7399999 0.219
chr19 7400000 7441575 0.009
chr20 0 99999 0.352
chr20 100000 199999 0.003
chr20 200000 299999 0.35
chr20 300000 399999 0.106
chr20 400000 499999 0.134
chr20 500000 599999 0.083
chr20 600000 699999 0.332
chr20 700000 799999 0.055
chr20 800000 899999 0.01
chr20 900000 999999 0.042
chr20 1000000 1099999 0.083
chr20 1100000 1199999 0.046
chr20 1200000 1299999 0.428
chr20 1300000 1399999 0.117
chr20 1400000 1499999 0.049
chr20 1500000 1599999 0.032
chr20 1600000 1699999 0.116
chr20 1700000 1799999 0.091
chr20 1800000 1899999 0.134
chr20 1900000 1999999 0.234
chr20 2000000 2099999 0.217
chr20 2100000 2199999 0.306
chr20 2200000 2299999 0.128
chr20 2300000 2399999 0.067
chr20 2400000 2499999 0.17
chr20 2500000 2599999 0.153
chr20 2600000 2699999 0.151
chr20 2700000 2799999 0.306
chr20 2800000 2899999 0.169
chr20 2900000 2999999 0.427
chr20 3000000 3099999 0.304
chr20 3100000 3199999 0.275
chr20 3200000 3299999 0.312
chr20 3300000 3399999 0.375
chr20 3400000 3499999 0.448
chr20 3500000 3599999 0.429
chr20 3600000 3699999 0.497
chr20 3700000 3799999 0.526
chr20 3800000 3899999 0.532
chr20 3900000 3999999 0.605
chr20 4000000 4099999 0.526
chr20 4100000 4199999 0.463
chr20 4200000 4299999 0.435
chr20 4300000 4399999 0.388
chr20 4400000 4499999 0.56
chr20 4500000 4599999 0.602
chr20 4600000 4699999 0.642
chr20 4700000 4799999 0.755
chr20 4800000 4899999 0.493
chr20 4900000 4999999 0.563
chr20 5000000 5099999 0.44
chr20 5100000 5199999 0.581
chr20 5200000 5299999 0.582
chr20 5300000 5399999 0.481
chr20 5400000 5499999 0.454
chr20 5500000 5599999 0.385
chr20 5600000 5699999 0.435
chr20 5700000 5799999 0.614
chr20 5800000 5899999 0.194
chr20 5900000 5963150 0.386
