
1
1
1
5
9
12
15
17
18
20
23
25
26
32
33
33
35
36
37
38
39
42
49
50
51
60
62
62
63
63
65
66
70
72
74
76
80
85
86
86
92
97
99
99
100
103
105
105
106
106
113
115
116
116
122
125
134
137
139
139
141
145
150
150
153
159
161
165
166
168
169
169
179
179
179
180
183
183
185
185
193
197
199
206
207
214
215
217
220
221
224
227
230
240
246
246
246
246
247
251
251
256
259
259
262
262
264
271
274
275
277
279
282
283
283
287
287
292
307
308
317
318
319
320
320
323
324
329
331
332
335
336
336
337
338
343
345
348
349
349
349
350
350
352
355
358
358
358
359
361
363
368
369
369
370
371
372
372
379
381
382
386
388
390
390
395
396
398
399
400
401
402
406
413
413
415
418
418
419
420
421
423
425
425
428
428
433
434
434
448
449
455
463
464
466
466
466
469
472
472
473
474
476
476
478
480
480
484
486
489
497
500
500
503
503
503
505
507
510
511
511
511
512
512
513
515
516
517
530
530
531
532
536
537
538
539
541
543
543
545
548
548
550
552
552
555
555
561
567
568
569
569
569
569
570
570
573
576
579
584
588
589
590
591
593
595
596
598
598
601
603
605
608
609
610
610
610
611
613
614
614
615
615
616
619
619
624
625
626
631
632
633
633
635
636
637
640
643
645
645
646
647
648
650
660
665
674
676
679
679
680
681
683
685
689
691
691
692
695
695
696
697
698
698
704
706
707
710
718
722
722
723
725
725
728
733
734
734
736
737
737
739
741
742
744
745
750
750
750
754
755
757
757
760
763
767
769
769
770
771
771
772
773
773
773
777
777
778
780
784
784
788
788
795
799
799
802
803
807
813
814
814
816
817
818
818
818
820
826
827
829
832
835
837
837
837
848
849
852
854
859
859
860
861
863
867
869
871
871
876
880
880
883
884
887
888
889
889
892
894
894
895
896
897
899
903
903
906
915
916
919
920
923
924
926
935
937
941
942
942
946
948
948
948
951
951
951
954
957
961
961
972
974
976
976
978
978
982
984
985
986
991
992
996
1003
1004
1005
1005
1006
1007
1008
1009
1011
1011
1011
1013
1014
1015
1015
1016
1019
1022
1023
1024
1025
1026
1029
1031
1031
1032
1033
1033
1034
1035
1039
1040
1042
1050
1057
1058
1061
1061
1061
1065
1066
1066
1071
1071
1073
1074
1076
1077
1081
1085
1087
1092
1094
1094
1100
1101
1103
1105
1106
1111
1112
1112
1114
1114
1116
1116
1117
1118
1119
1119
1122
1125
1125
1125
1129
1132
1132
1133
1134
1135
1143
1144
1144
1145
1145
1148
1150
1152
1153
1154
1159
1161
1166
1166
1167
1167
1167
1171
1171
1171
1182
1183
1185
1185
1187
1188
1192
1206
1206
1209
1211
1214
1214
1218
1226
1228
1229
1232
1233
1235
1239
1243
1246
1253
1253
1256
1258
1267
1268
1271
1273
1275
1276
1276
1278
1282
1284
1287
1287
1290
1292
1292
1293
1295
1296
1300
1302
1308
1308
1309
1313
1314
1314
1318
1319
1322
1324
1329
1330
1330
1331
1331
1331
1336
1341
1343
1343
1344
1351
1355
1360
1362
1371
1371
1372
1372
1375
1375
1376
1376
1378
1387
1392
1393
1398
1398
1399
1400
1401
1404
1409
1412
1412
1419
1422
1423
1423
1424
1426
1429
1438
1440
1443
1443
1444
1453
1454
1455
1462
1465
1470
1471
1475
1481
1487
1488
1489
1496
1498
1500
1504
1507
1515
1515
1516
1516
1522
1525
1529
1533
1537
1538
1541
1544
1546
1554
1556
1557
1559
1559
1567
1569
1571
1572
1580
1581
1582
1582
1586
1588
1589
1589
1594
1594
1594
1594
1594
1595
1609
1612
1612
1613
1614
1617
1622
1622
1623
1632
1633
1634
1635
1637
1637
1642
1650
1654
1658
1658
1659
1661
1669
1675
1676
1680
1682
1685
1686
1687
1689
1694
1696
1697
1704
1707
1707
1709
1715
1715
1716
1717
1719
1719
1723
1728
1729
1736
1738
1743
1746
1751
1756
1757
1757
1764
1767
1768
1770
1775
1779
1781
1782
1785
1787
1787
1795
1801
1806
1807
1808
1810
1811
1812
1813
1814
1819
1822
1823
1823
1823
1823
1823
1824
1828
1830
1830
1830
1832
1833
1837
1841
1846
1847
1848
1851
1851
1853
1854
1855
1864
1867
1871
1872
1872
1876
1880
1885
1886
1888
1890
1898
1899
1900
1901
1902
1911
1919
1921
1922
1924
1924
1925
1926
1926
1928
1934
1935
1936
1939
1939
1939
1942
1943
1947
1949
1949
1949
1951
1955
1958
1961
1961
1965
1967
1969
1971
1972
1972
1974
1976
1977
1977
1978
1983
1983
1988
1988
1992
2006
2006
2011
2012
2014
2014
2017
2020
2030
2031
2032
2032
2033
2033
2037
2038
2040
2040
2043
2044
2044
2045
2047
2047
2049
2057
2059
2063
2064
2065
2066
2068
2072
2072
2075
2077
2078
2080
2082
2082
2084
2088
2088
2092
2096
2099
2100
2101
2103
2105
2112
2116
2116
2118
2118
2119
2120
2121
2123
2125
2126
2126
2134
2136
2138
2139
2142
2148
2151
2156
2157
2162
2165
2170
2170
2173
2175
2176
2177
2177
2178
2179
2183
2186
2189
2199
2210
2215
2217
2220
2221
2223
2224
2227
2227
2231
2232
2233
2234
2234
2235
2237
2240
2241
2244
2245
2250
2257
2261
2266
2267
2270
2271
2271
2278
2288
2290
2303
2303
2311
2315
2316
2317
2323
2327
2327
2329
2331
2336
2340
2340
2340
2342
2344
2344
2361
2365
2377
2378
2381
2381
2385
2389
2390
2391
2392
2392
2397
2403
2414
2421
2421
2421
2421
2424
2425
2426
2428
2435
2435
2444
2450
2454
2457
2460
2462
2462
2464
2466
2467
2467
2471
2475
2479
2483
2485
2487
2489
2495
2495
2498
2500
2500
2503
2504
2506
2506
2507
2508
2509
2513
2514
2515
2515
2516
2518
2518
2521
2521
2522
2523
2525
2528
2531
2533
2535
2536
2538
2538
2539
2540
2541
2542
2543
2546
2546
2548
2553
2568
2569
2574
2574
2577
2579
2579
2588
2589
2592
2600
2604
2605
2605
2607
2607
2609
2609
2614
2617
2618
2624
2630
2630
2633
2637
2644
2644
2647
2653
2655
2660
2661
2667
2668
2671
2674
2680
2683
2689
2690
2695
2695
2701
2703
2707
2708
2710
2711
2714
2716
2718
2719
2721
2728
2728
2729
2729
2732
2735
2735
2741
2743
2758
2758
2759
2760
2762
2763
2765
2786
2792
2793
2797
2803
2806
2809
2809
2811
2812
2813
2815
2817
2819
2821
2822
2825
2825
2829
2833
2840
2841
2844
2848
2852
2854
2854
2856
2862
2886
2889
2891
2892
2893
2897
2899
2902
2903
2910
2910
2912
2913
2918
2926
2930
2937
2945
2953
2957
2957
2960
2962
2963
2969
2969
2973
2973
2981
2984
2987
2990
2994
2994
2995
2995
2999
3001
3002
3007
3008
3010
3011
3012
3013
3017
3023
3026
3029
3034
3038
3052
3055
3055
3056
3059
3062
3067
3070
3085
3093
3097
3098
3100
3102
3112
3112
3122
3124
3126
3128
3134
3134
3139
3141
3147
3148
3158
3158
3160
3162
3164
3164
3165
3165
3172
3175
3176
3177
3182
3183
3184
3185
3185
3186
3187
3188
3190
3191
3196
3197
3200
3205
3212
3217
3222
3227
3234
3235
3238
3241
3243
3251
3256
3259
3263
3265
3268
3275
3278
3286
3287
3287
3294
3296
3298
3301
3301
3304
3306
3314
3315
3318
3318
3319
3320
3326
3332
3336
3355
3359
3360
3367
3373
3376
3378
3383
3392
3397
3401
3401
3404
3404
3404
3405
3406
3413
3418
3418
3420
3420
3422
3432
3436
3445
3452
3452
3454
3454
3462
3473
3479
3479
3481
3489
3490
3492
3496
3498
3505
3506
3508
3510
3511
3515
3522
3523
3523
3527
3529
3530
3531
3531
3532
3532
3534
3545
3550
3553
3554
3563
3566
3570
3574
3576
3577
3580
3586
3588
3593
3594
3595
3601
3607
3608
3610
3613
3614
3627
3627
3629
3634
3634
3639
3643
3646
3647
3651
3651
3655
3657
3658
3661
3668
3670
3673
3679
3680
3689
3690
3690
3693
3696
3701
3703
3705
3706
3708
3712
3717
3723
3725
3726
3741
3744
3745
3745
3747
3748
3754
3761
3763
3770
3772
3777
3778
3779
3786
3792
3794
3797
3797
3800
3808
3825
3832
3832
3834
3835
3836
3839
3848
3854
3855
3855
3856
3858
3861
3864
3868
3869
3873
3875
3875
3876
3900
3902
3903
3910
3917
3917
3922
3937
3941
3942
3944
3949
3952
3955
3956
3957
3961
3963
3965
3968
3981
3985
3986
3989
3995
3997
3998
4001
4008
4008
4014
4027
4028
4031
4038
4046
4049
4049
4055
4056
4061
4072
4073
4074
4081
4081
4084
4085
4087
4096
4098
4103
4109
4111
4116
4121
4124
4129
4135
4137
4141
4142
4145
4150
4153
4158
4161
4161
4164
4165
4169
4173
4174
4180
4181
4181
4185
4190
4195
4199
4199
4200
4204
4205
4205
4206
4208
4213
4214
4216
4217
4218
4220
4223
4224
4226
4226
4230
4235
4237
4246
4250
4252
4254
4266
4271
4272
4283
4288
4295
4301
4303
4306
4307
4308
4311
4312
4312
4313
4314
4315
4318
4320
4324
4326
4327
4364
4364
4373
4373
4376
4376
4377
4378
4379
4381
4381
4385
4385
4396
4398
4400
4409
4410
4413
4413
4413
4416
4416
4418
4423
4425
4427
4435
4437
4441
4447
4447
4453
4467
4468
4476
4483
4485
4491
4491
4498
4504
4507
4517
4517
4518
4524
4541
4546
4555
4563
4564
4579
4580
4583
4585
4586
4590
4594
4603
4604
4605
4606
4610
4621
4623
4624
4624
4626
4628
4633
4649
4649
4668
4673
4678
4682
4683
4692
4695
4695
4701
4701
4702
4702
4703
4707
4707
4708
4708
4710
4712
4714
4721
4723
4724
4724
4725
4727
4734
4738
4740
4742
4743
4748
4751
4752
4756
4756
4756
4767
4768
4769
4770
4774
4782
4783
4786
4792
4794
4796
4802
4802
4805
4805
4807
4810
4812
4815
4818
4823
4841
4855
4858
4859
4861
4864
4865
4867
4874
4882
4883
4883
4890
4895
4913
4915
4921
4923
4923
4939
4945
4946
4949
4951
4955
4961
4963
4965
4981
4990
4991
4994
4998
4998
5002
5002
5008
5018
5018
5019
5038
5042
5042
5059
5061
5067
5072
5074
5075
5080
5080
5085
5091
5093
5097
5098
5100
5101
5104
5113
5117
5119
5125
5126
5131
5134
5139
5149
5150
5151
5158
5166
5166
5168
5173
5179
5187
5197
5200
5201
5215
5220
5220
5222
5225
5227
5227
5231
5235
5236
5238
5239
5240
5249
5264
5265
5265
5266
5266
5271
5273
5279
5282
5285
5290
5292
5296
5297
5299
5322
5322
5325
5328
5330
5342
5345
5355
5356
5359
5361
5361
5363
5367
5375
5380
5381
5381
5384
5391
5393
5397
5398
5405
5405
5409
5421
5422
5437
5445
5453
5454
5457
5462
5463
5470
5474
5479
5480
5480
5485
5487
5493
5496
5503
5505
5505
5506
5516
5518
5521
5525
5525
5532
5539
5544
5552
5555
5556
5557
5563
5565
5568
5572
5572
5589
5592
5607
5612
5618
5627
5627
5636
5638
5641
5642
5645
5652
5653
5656
5657
5658
5659
5663
5664
5665
5670
5684
5690
5692
5696
5700
5707
5711
5731
5731
5733
5735
5752
5761
5761
5765
5775
5780
5790
5814
5815
5821
5829
5831
5835
5848
5859
5861
5868
5873
5879
5888
5892
5904
5907
5923
5923
5926
5936
5937
5944
5951
5957
5958
5960
5961
5981
6007
6010
6014
6025
6025
6036
6045
6057
6067
6068
6078
6082
6096
6116
6119
6123
6127
6134
6136
6136
6140
6145
6149
6151
6160
6167
6169
6170
6171
6172
6173
6190
6212
6214
6227
6241
6244
6261
6264
6274
6275
6286
6299
6299
6307
6320
6321
6326
6336
6343
6344
6345
6353
6353
6356
6371
6373
6375
6376
6378
6379
6392
6392
6392
6433
6444
6451
6452
6458
6461
6465
6470
6472
6477
6478
6493
6496
6507
6507
6514
6514
6516
6518
6519
6536
6547
6549
6553
6563
6565
6567
6587
6587
6592
6595
6607
6609
6615
6617
6619
6623
6640
6645
6652
6658
6659
6662
6664
6695
6695
6712
6716
6728
6729
6750
6756
6788
6789
6791
6801
6801
6802
6805
6812
6815
6820
6823
6838
6860
6869
6870
6875
6880
6880
6884
6891
6892
6914
6916
6918
6919
6921
6923
6943
6950
6958
6959
6960
6962
6970
6976
6992
7007
7009
7030
7035
7036
7038
7053
7068
7069
7074
7076
7097
7101
7102
7116
7117
7140
7146
7150
7155
7170
7172
7174
7177
7190
7192
7193
7197
7203
7213
7217
7224
7225
7231
7256
7260
7266
7305
7307
7319
7319
7332
7339
7348
7361
7380
7381
7384
7388
7393
7407
7417
7418
7419
7421
7427
7437
7448
7448
7453
7459
7476
7483
7488
7490
7507
7517
7532
7534
7546
7571
7571
7580
7580
7582
7586
7591
7615
7624
7631
7637
7650
7665
7668
7692
7708
7715
7716
7720
7720
7726
7728
7729
7737
7739
7751
7751
7751
7759
7767
7777
7782
7789
7792
7822
7838
7845
7867
7892
7894
7898
7899
7911
7918
7920
7923
7934
7940
7944
7946
7958
7983
7985
7999
8010
8013
8017
8032
8058
8072
8078
8092
8097
8100
8108
8111
8118
8158
8160
8166
8174
8190
8192
8194
8199
8208
8229
8231
8248
8269
8279
8311
8312
8315
8320
8331
8331
8333
8334
8345
8366
8397
8402
8428
8466
8479
8479
8486
8490
8503
8515
8516
8519
8527
8534
8543
8544
8546
8562
8564
8575
8584
8587
8592
8593
8594
8616
8625
8627
8634
8647
8651
8661
8663
8665
8681
8695
8729
8737
8738
8750
8758
8759
8760
8768
8776
8776
8791
8802
8804
8813
8823
8841
8847
8858
8872
8881
8889
8892
8895
8921
8933
8933
8934
8944
8964
8964
8979
8986
9014
9044
9057
9070
9077
9079
9083
9105
9108
9126
9130
9144
9162
9164
9186
9222
9229
9233
9236
9239
9245
9254
9277
9277
9280
9284
9315
9341
9349
9359
9387
9387
9411
9421
9438
9440
9442
9448
9475
9486
9488
9501
9506
9507
9548
9551
9575
9578
9589
9596
9613
9625
9639
9661
9663
9664
9669
9672
9673
9694
9699
9705
9712
9720
9745
9748
9750
9750
9753
9765
9812
9820
9854
9861
9876
9902
9911
9913
9925
9942
9966
9967
9974
9975
10007
10010
10014
10015
10029
10036
10038
10049
10052
10060
10064
10066
10101
10138
10168
10178
10232
10238
10249
10251
10261
10263
10287
10295
10300
10307
10316
10372
10375
10380
10384
10421
10431
10443
10461
10463
10464
10465
10496
10500
10509
10516
10525
10550
10572
10582
10583
10588
10598
10604
10614
10615
10625
10630
10633
10648
10680
10692
10706
10707
10739
10748
10749
10751
10762
10765
10819
10822
10833
10850
10876
10901
10913
10926
10942
10943
10950
10954
10970
10975
10976
10985
10985
10991
11036
11045
11053
11075
11102
11106
11117
11118
11152
11159
11169
11170
11195
11211
11220
11247
11256
11272
11272
11283
11288
11307
11333
11343
11429
11443
11527
11551
11570
11572
11592
11614
11626
11637
11648
11653
11703
11723
11735
11740
11755
11766
11810
11831
11835
11848
11856
11880
11927
11954
11982
12023
12039
12040
12085
12116
12215
12249
12250
12252
12317
12360
12366
12411
12447
12462
12509
12538
12550
12552
12570
12578
12582
12595
12651
12651
12701
12715
12759
12764
12775
12812
12854
12870
12895
12906
12935
12937
12958
12961
13053
13077
13113
13116
13144
13155
13160
13190
13216
13240
13292
13313
13359
13416
13421
13437
13464
13471
13472
13490
13533
13580
13604
13616
13646
13679
13687
13762
13787
13795
13812
13827
13846
13864
13864
13867
13898
13898
13915
13981
13989
14007
14009
14014
14015
14049
14077
14086
14086
14088
14104
14130
14187
14189
14201
14230
14247
14251
14259
14265
14275
14310
14313
14313
14344
14355
14401
14440
14441
14498
14514
14514
14519
14532
14537
14540
14575
14618
14619
14646
14676
14685
14698
14710
14741
14744
14776
14779
14810
14816
14833
14863
14873
14890
14901
14907
14950
15031
15050
15070
15082
15083
15094
15155
15164
15182
15241
15275
15290
15299
15337
15345
15356
15360
15461
15487
15534
15582
15690
15705
15725
15750
15750
15758
15772
15808
15832
15849
15870
15922
15971
16068
16085
16116
16118
16131
16185
16249
16317
16337
16345
16407
16413
16453
16462
16470
16472
16476
16492
16502
16601
16603
16648
16649
16725
16773
16822
16875
17001
17106
17116
17118
17137
17157
17235
17266
17296
17303
17312
17334
17408
17432
17445
17447
17455
17460
17525
17575
17579
17627
17634
17711
17717
17722
17741
17834
17838
17848
17973
17991
18092
18096
18162
18172
18192
18210
18214
18218
18243
18257
18281
18294
18296
18309
18410
18467
18491
18515
18671
18719
18725
18760
18859
18894
18909
19007
19024
19030
19067
19132
19147
19167
19329
19334
19341
19358
19406
19446
19458
19538
19720
19776
19791
19795
19798
19806
19950
20052
20063
20067
20071
20139
20219
20231
20239
20275
20288
20321
20414
20499
20506
20554
20603
20617
20621
20631
20724
20743
20874
20894
20915
21038
21041
21180
21192
21376
21462
21492
22218
22244
22556
22604
22744
22944
23008
23255
23282
23299
23368
23633
23808
23814
23850
23974
24014
24025
24043
24094
24171
24179
24652
24658
24701
24767
24829
25239
25399
25613
25839
25840
26257
26272
26345
26460
26608
26898
26972
27453
27525
27554
27639
28183
28348
28472
28572
28632
28680
28865
28968
29016
29174
29414
29546
29870
29996
30005
30158
30535
30745
30828
30902
30942
31453
31463
31583
31724
31962
32173
32910
33025
33254
33507
33527
33536
34131
34149
34346
34397
34716
34897
34972
35645
35783
37256
37307
37997
38464
38660
38754
38944
39148
39524
39641
40765
41307
41496
41948
42376
42637
42812
43601
44573
44899
46303
46753
47230
47418
47849
48095
48543
50277
50629
52049
52516
53047
56506
60126
65507
66047
66553
67037
67167
67806
68961
69421
69831
70436
82377
82404
86481
