Distance
1
1
2
2
3
4
11
21
23
25
25
26
27
28
31
33
34
40
43
44
46
46
47
49
50
50
51
56
57
57
57
58
59
60
61
61
63
64
65
66
68
69
69
70
72
72
76
76
76
76
76
78
78
80
80
80
81
81
82
85
87
88
88
88
88
89
91
91
91
93
95
96
96
99
99
100
102
102
105
106
106
106
107
107
111
112
113
113
114
115
115
115
116
117
121
122
123
124
124
126
127
128
129
129
130
134
135
135
139
140
141
143
143
145
145
149
150
152
153
154
155
156
157
157
161
163
167
170
170
172
172
172
173
174
175
177
178
178
178
179
180
185
187
187
188
188
190
191
192
192
195
197
199
203
206
207
208
208
209
209
210
211
212
213
214
222
224
225
225
227
228
230
235
239
240
241
245
245
246
248
250
250
254
255
255
256
256
257
260
260
261
264
264
264
265
266
267
267
269
269
272
272
273
275
277
278
279
280
283
284
287
288
288
289
293
294
295
297
297
299
305
306
307
308
308
310
311
311
311
312
314
315
317
318
318
319
319
320
321
322
322
322
323
324
325
326
327
328
329
334
339
340
342
346
347
347
352
352
353
353
356
357
357
357
359
362
365
367
368
369
370
371
371
371
374
374
374
374
376
376
378
378
378
378
378
379
380
381
382
382
382
383
384
385
385
388
389
392
394
396
397
398
398
399
399
400
401
403
403
404
404
406
407
407
409
409
409
410
411
412
412
413
414
414
416
416
417
417
419
419
420
420
421
421
422
423
424
426
428
428
431
439
440
440
440
444
446
446
446
447
448
450
451
451
451
451
452
452
455
456
458
459
461
462
466
468
472
472
473
474
476
477
478
478
480
480
483
484
485
485
488
499
500
501
502
502
504
504
504
505
506
507
508
508
510
510
510
514
515
516
517
518
519
519
520
523
525
526
527
528
530
531
531
533
533
534
534
534
535
536
536
536
537
537
539
540
540
540
540
541
542
544
545
545
545
545
546
547
547
550
552
552
553
555
555
558
561
562
563
563
564
564
567
567
568
568
569
570
571
573
574
575
575
575
577
579
580
581
585
587
587
588
591
592
593
594
594
597
597
598
598
600
601
601
604
606
606
606
606
607
608
610
611
617
618
619
625
626
626
627
630
632
632
633
635
637
639
643
644
645
646
646
647
647
648
649
649
654
655
655
656
657
661
662
662
662
665
666
669
672
673
675
676
677
678
678
678
680
680
680
681
682
684
684
685
686
686
687
689
690
690
690
691
692
693
695
695
696
696
698
699
699
699
700
701
705
706
708
708
710
710
710
710
714
715
716
718
719
721
722
723
724
724
724
725
727
728
728
728
734
737
738
740
740
740
743
743
743
747
747
748
748
750
755
756
757
758
759
761
763
764
765
766
771
772
772
772
773
774
776
777
779
781
782
783
784
785
787
788
790
795
796
798
799
799
800
800
800
803
805
808
808
809
810
811
812
814
815
815
817
818
822
822
823
824
826
826
826
827
827
828
831
833
834
841
841
841
842
842
842
844
844
844
844
846
848
849
850
851
852
852
852
854
854
855
855
860
860
863
869
869
870
871
871
871
873
873
873
873
874
874
875
876
876
876
877
877
880
880
880
880
883
885
888
889
890
890
890
890
891
896
896
897
898
899
900
900
900
900
901
902
905
905
906
906
907
908
909
909
912
912
913
914
915
916
917
917
918
919
920
920
921
922
922
922
923
927
931
933
933
934
935
936
937
938
939
939
940
941
947
949
950
953
953
954
958
958
959
959
961
967
967
968
969
969
970
970
972
973
974
977
979
979
979
980
981
981
981
982
985
987
991
991
992
993
993
994
995
996
1000
1002
1002
1002
1004
1004
1004
1005
1007
1008
1009
1010
1011
1012
1013
1013
1018
1027
1028
1028
1031
1031
1031
1032
1033
1040
1040
1041
1043
1043
1044
1046
1047
1050
1053
1053
1053
1056
1057
1059
1065
1066
1067
1072
1074
1075
1077
1079
1081
1081
1083
1083
1087
1087
1088
1088
1089
1089
1089
1090
1091
1092
1092
1093
1094
1095
1095
1096
1097
1098
1098
1098
1103
1104
1107
1107
1108
1110
1111
1111
1113
1114
1114
1119
1120
1121
1121
1123
1123
1128
1130
1134
1134
1137
1137
1137
1138
1139
1141
1143
1144
1145
1148
1149
1151
1151
1153
1155
1155
1157
1158
1163
1163
1164
1165
1166
1167
1170
1172
1172
1173
1173
1176
1176
1179
1190
1190
1190
1191
1195
1196
1198
1199
1200
1201
1202
1202
1204
1205
1206
1211
1212
1214
1215
1215
1217
1219
1219
1220
1221
1225
1226
1227
1229
1232
1234
1235
1236
1236
1238
1238
1238
1238
1239
1239
1241
1248
1248
1254
1257
1260
1264
1265
1266
1266
1268
1268
1268
1269
1270
1272
1272
1273
1276
1276
1277
1279
1279
1282
1286
1288
1289
1292
1296
1297
1298
1298
1298
1302
1305
1305
1309
1310
1312
1314
1314
1315
1317
1318
1321
1323
1326
1330
1331
1333
1337
1339
1343
1346
1348
1350
1353
1355
1359
1361
1363
1365
1366
1369
1370
1371
1371
1372
1372
1374
1376
1376
1377
1382
1382
1383
1387
1387
1388
1393
1397
1399
1399
1400
1400
1401
1401
1401
1404
1404
1405
1405
1406
1407
1413
1413
1414
1415
1416
1417
1420
1423
1423
1424
1426
1427
1427
1428
1435
1436
1436
1436
1436
1437
1438
1438
1438
1438
1438
1439
1441
1444
1445
1446
1448
1451
1451
1452
1454
1454
1456
1456
1460
1460
1461
1461
1463
1463
1465
1467
1468
1469
1476
1477
1477
1479
1482
1483
1483
1484
1484
1484
1488
1489
1490
1490
1491
1501
1502
1506
1507
1507
1512
1513
1518
1519
1522
1525
1526
1527
1527
1530
1531
1537
1540
1543
1546
1547
1548
1549
1549
1549
1552
1554
1555
1557
1557
1558
1562
1562
1563
1563
1564
1565
1565
1570
1573
1574
1577
1578
1579
1580
1582
1584
1586
1586
1587
1588
1588
1591
1591
1594
1594
1597
1601
1604
1606
1608
1608
1609
1615
1615
1616
1616
1618
1618
1621
1622
1623
1624
1626
1627
1637
1640
1641
1641
1642
1646
1647
1650
1650
1651
1652
1654
1657
1657
1662
1665
1666
1669
1669
1670
1672
1673
1673
1673
1673
1675
1677
1677
1679
1682
1683
1683
1684
1684
1685
1686
1686
1687
1692
1692
1694
1698
1700
1703
1705
1705
1705
1706
1711
1712
1714
1717
1720
1722
1723
1723
1724
1727
1727
1730
1731
1731
1732
1734
1736
1738
1739
1745
1746
1746
1748
1749
1750
1753
1758
1759
1761
1762
1762
1764
1766
1766
1768
1770
1771
1771
1771
1772
1774
1776
1777
1778
1781
1783
1784
1787
1787
1788
1789
1792
1793
1795
1795
1796
1797
1800
1806
1807
1811
1812
1813
1814
1816
1820
1821
1822
1823
1826
1828
1828
1830
1831
1834
1834
1835
1837
1838
1839
1839
1839
1840
1841
1842
1845
1846
1848
1848
1849
1850
1850
1850
1852
1852
1852
1858
1862
1864
1867
1868
1873
1877
1878
1882
1883
1884
1884
1886
1887
1891
1892
1898
1901
1902
1902
1905
1907
1912
1912
1912
1914
1914
1916
1920
1920
1921
1924
1926
1927
1929
1929
1929
1931
1933
1934
1934
1938
1939
1941
1945
1945
1945
1946
1950
1952
1953
1954
1954
1955
1959
1959
1959
1961
1964
1965
1971
1972
1973
1973
1977
1977
1983
1984
1985
1985
1995
1999
2002
2002
2007
2008
2011
2012
2012
2014
2014
2016
2017
2023
2023
2026
2030
2031
2032
2035
2036
2036
2039
2040
2040
2041
2042
2051
2056
2057
2058
2059
2059
2060
2065
2066
2068
2068
2070
2070
2071
2074
2081
2082
2084
2092
2094
2097
2098
2098
2099
2100
2100
2100
2100
2111
2114
2114
2114
2114
2116
2121
2122
2126
2127
2128
2132
2133
2134
2136
2137
2138
2138
2140
2141
2149
2150
2151
2154
2154
2158
2159
2162
2162
2163
2164
2165
2166
2168
2169
2169
2171
2176
2178
2180
2187
2191
2200
2201
2202
2202
2202
2203
2203
2205
2207
2210
2213
2214
2215
2216
2220
2220
2229
2230
2231
2231
2231
2237
2238
2239
2241
2244
2249
2251
2251
2256
2256
2267
2267
2270
2272
2272
2278
2280
2281
2282
2283
2284
2285
2290
2291
2293
2293
2295
2297
2298
2299
2300
2304
2305
2306
2307
2308
2315
2316
2318
2320
2322
2322
2325
2326
2326
2329
2338
2339
2339
2340
2342
2357
2362
2362
2364
2366
2366
2368
2369
2369
2372
2373
2376
2377
2378
2383
2383
2388
2388
2388
2390
2391
2397
2401
2406
2406
2408
2412
2412
2414
2424
2425
2427
2427
2427
2433
2433
2433
2438
2440
2440
2442
2445
2448
2448
2451
2452
2452
2453
2455
2456
2461
2467
2471
2475
2477
2481
2485
2486
2488
2488
2489
2493
2494
2507
2508
2511
2511
2519
2523
2524
2524
2524
2525
2536
2539
2539
2541
2542
2543
2544
2546
2547
2549
2554
2555
2556
2557
2558
2560
2565
2569
2571
2572
2576
2578
2578
2578
2582
2584
2588
2590
2593
2594
2594
2597
2597
2599
2600
2606
2611
2613
2613
2618
2620
2621
2622
2624
2625
2626
2628
2628
2629
2631
2633
2634
2635
2635
2636
2637
2641
2642
2643
2652
2653
2658
2663
2663
2666
2667
2668
2670
2671
2673
2675
2675
2679
2679
2682
2682
2688
2690
2691
2692
2693
2696
2699
2708
2711
2712
2712
2713
2714
2716
2716
2722
2727
2728
2729
2740
2744
2745
2745
2747
2748
2748
2755
2755
2755
2757
2757
2759
2760
2760
2768
2768
2771
2773
2773
2775
2777
2778
2778
2779
2782
2785
2786
2788
2791
2800
2804
2805
2810
2811
2816
2818
2818
2818
2823
2829
2830
2830
2836
2841
2842
2844
2844
2845
2847
2850
2854
2865
2867
2867
2872
2877
2880
2881
2882
2883
2884
2888
2891
2896
2898
2900
2901
2904
2909
2912
2915
2916
2918
2918
2919
2922
2922
2930
2930
2943
2943
2943
2944
2949
2956
2960
2963
2979
2984
2984
2989
2992
2998
2998
2998
2998
3002
3002
3003
3004
3007
3010
3018
3019
3025
3025
3025
3034
3043
3045
3045
3045
3046
3049
3050
3050
3053
3053
3054
3057
3057
3057
3058
3058
3058
3059
3062
3064
3065
3065
3065
3067
3073
3076
3080
3100
3109
3111
3121
3122
3123
3124
3135
3137
3138
3138
3144
3145
3145
3148
3150
3150
3154
3156
3158
3158
3161
3165
3166
3168
3181
3182
3189
3194
3194
3196
3207
3210
3215
3219
3220
3223
3224
3224
3227
3235
3243
3252
3252
3258
3259
3260
3269
3269
3271
3277
3278
3279
3298
3301
3310
3312
3312
3313
3314
3316
3320
3320
3321
3327
3330
3332
3334
3335
3340
3340
3340
3349
3353
3355
3358
3358
3358
3363
3371
3384
3386
3386
3398
3404
3406
3415
3417
3417
3420
3423
3427
3433
3433
3436
3439
3443
3445
3446
3448
3450
3460
3464
3465
3475
3482
3485
3492
3509
3511
3520
3522
3528
3529
3530
3530
3536
3536
3537
3544
3549
3559
3565
3578
3580
3580
3580
3589
3589
3594
3596
3602
3608
3608
3609
3611
3614
3625
3632
3632
3635
3638
3638
3639
3640
3640
3645
3649
3650
3652
3655
3655
3655
3657
3657
3667
3667
3674
3680
3683
3683
3683
3689
3689
3691
3692
3693
3697
3701
3704
3709
3710
3716
3719
3719
3720
3729
3735
3735
3736
3738
3739
3740
3740
3744
3749
3754
3756
3771
3772
3777
3778
3778
3779
3780
3783
3783
3791
3793
3793
3793
3801
3804
3810
3811
3824
3834
3835
3836
3837
3842
3846
3846
3849
3850
3858
3861
3862
3863
3867
3874
3875
3876
3879
3879
3882
3882
3886
3886
3889
3891
3892
3896
3898
3902
3907
3909
3909
3910
3912
3913
3915
3915
3916
3917
3918
3919
3924
3927
3932
3933
3938
3943
3949
3956
3961
3965
3966
3968
3971
3973
3974
3983
3987
3988
3993
3993
3996
3997
4002
4006
4010
4010
4020
4029
4030
4036
4037
4050
4051
4056
4057
4058
4062
4065
4066
4070
4073
4075
4083
4083
4092
4101
4105
4111
4112
4119
4124
4129
4132
4132
4133
4138
4139
4143
4149
4151
4152
4153
4157
4162
4164
4165
4168
4169
4171
4186
4200
4213
4214
4215
4217
4219
4220
4234
4241
4244
4247
4247
4247
4248
4251
4263
4264
4266
4271
4272
4275
4276
4280
4285
4286
4293
4294
4295
4299
4302
4304
4305
4305
4309
4317
4320
4327
4329
4332
4349
4350
4350
4360
4363
4364
4365
4368
4371
4382
4383
4384
4385
4390
4391
4394
4395
4396
4399
4404
4406
4415
4416
4417
4422
4425
4434
4443
4444
4447
4450
4458
4462
4463
4463
4463
4465
4466
4478
4481
4484
4492
4493
4495
4496
4496
4497
4500
4500
4501
4502
4515
4519
4519
4521
4529
4529
4531
4551
4552
4577
4580
4581
4581
4588
4593
4598
4600
4601
4604
4606
4611
4617
4617
4624
4628
4635
4635
4636
4647
4647
4657
4661
4661
4663
4671
4674
4675
4681
4686
4687
4688
4691
4692
4696
4698
4701
4703
4704
4709
4714
4715
4719
4721
4722
4725
4727
4733
4739
4741
4742
4745
4747
4757
4761
4767
4780
4781
4783
4796
4799
4804
4806
4807
4809
4810
4817
4826
4828
4831
4831
4837
4849
4856
4857
4861
4865
4866
4872
4875
4883
4884
4896
4902
4909
4910
4912
4913
4914
4919
4924
4939
4943
4947
4949
4949
4950
4951
4953
4955
4957
4961
4972
4972
4973
4983
4988
4988
4989
4989
4990
4990
4991
4997
5012
5013
5017
5018
5021
5023
5024
5025
5042
5048
5048
5052
5052
5054
5060
5061
5063
5063
5070
5071
5075
5081
5082
5086
5091
5095
5104
5105
5112
5115
5119
5130
5140
5143
5145
5150
5152
5153
5166
5169
5171
5172
5173
5173
5175
5177
5178
5180
5181
5185
5185
5199
5203
5204
5207
5211
5212
5214
5219
5219
5222
5222
5228
5231
5237
5249
5254
5264
5269
5273
5289
5294
5300
5303
5304
5309
5312
5313
5318
5325
5331
5338
5346
5348
5358
5360
5372
5373
5374
5377
5381
5381
5387
5389
5394
5396
5409
5411
5414
5422
5425
5437
5443
5443
5445
5447
5449
5451
5454
5459
5461
5476
5480
5489
5491
5491
5497
5505
5506
5512
5519
5521
5523
5529
5537
5547
5556
5559
5566
5569
5586
5587
5591
5596
5602
5603
5604
5605
5607
5607
5614
5614
5624
5625
5627
5630
5634
5636
5637
5637
5641
5646
5648
5651
5667
5675
5680
5683
5683
5685
5686
5690
5693
5700
5701
5703
5705
5708
5720
5727
5731
5733
5735
5749
5749
5751
5778
5788
5793
5794
5794
5798
5799
5800
5801
5803
5808
5821
5824
5824
5827
5829
5831
5834
5863
5879
5880
5882
5883
5893
5903
5915
5915
5920
5925
5931
5941
5945
5946
5957
5958
5961
5974
5981
5985
5990
5990
5991
5996
5999
5999
6008
6012
6016
6025
6025
6033
6035
6035
6048
6056
6062
6063
6063
6064
6065
6067
6069
6079
6083
6085
6086
6094
6096
6100
6101
6107
6108
6108
6110
6111
6121
6130
6135
6143
6148
6150
6155
6156
6178
6178
6183
6184
6201
6210
6221
6236
6256
6262
6268
6270
6278
6288
6294
6297
6304
6320
6321
6325
6328
6333
6338
6340
6346
6350
6359
6366
6370
6372
6375
6376
6380
6381
6395
6398
6401
6402
6403
6404
6406
6416
6429
6433
6437
6441
6443
6447
6450
6451
6455
6465
6471
6480
6496
6496
6497
6500
6539
6542
6548
6549
6550
6550
6552
6562
6563
6569
6570
6576
6578
6581
6582
6588
6588
6589
6589
6598
6600
6606
6611
6612
6615
6616
6619
6619
6619
6621
6627
6642
6642
6653
6657
6657
6671
6672
6676
6685
6696
6698
6700
6704
6723
6743
6749
6757
6758
6766
6769
6771
6776
6778
6783
6791
6794
6798
6800
6800
6801
6808
6829
6830
6836
6856
6865
6871
6871
6874
6877
6880
6893
6907
6916
6926
6927
6931
6937
6954
6959
6961
6973
6974
6975
6983
6985
6992
6994
7000
7003
7004
7010
7012
7016
7019
7020
7022
7026
7031
7042
7056
7058
7063
7095
7102
7114
7123
7126
7139
7139
7144
7149
7150
7151
7154
7165
7168
7169
7172
7179
7181
7189
7189
7201
7221
7221
7228
7232
7244
7252
7253
7259
7259
7259
7260
7264
7274
7277
7282
7306
7310
7310
7320
7321
7343
7343
7371
7397
7399
7404
7412
7423
7427
7459
7462
7470
7484
7503
7517
7524
7528
7533
7534
7540
7562
7570
7570
7590
7594
7596
7604
7605
7606
7608
7610
7619
7622
7630
7647
7662
7663
7674
7680
7693
7695
7697
7697
7710
7730
7749
7756
7785
7787
7809
7813
7838
7866
7866
7871
7872
7874
7881
7883
7885
7892
7900
7901
7903
7904
7904
7908
7919
7927
7947
7954
7956
7962
7973
7974
7999
8000
8019
8020
8040
8043
8046
8055
8063
8071
8093
8093
8115
8144
8170
8170
8171
8197
8200
8202
8204
8205
8210
8242
8243
8272
8291
8299
8301
8303
8327
8331
8349
8374
8382
8390
8405
8409
8416
8423
8432
8446
8466
8479
8500
8514
8518
8524
8536
8543
8555
8558
8585
8609
8610
8617
8645
8647
8648
8649
8658
8665
8675
8679
8682
8701
8707
8732
8757
8768
8771
8777
8788
8790
8795
8815
8833
8836
8844
8858
8877
8899
8925
8932
8948
8963
8988
8995
8998
9010
9048
9058
9059
9063
9088
9092
9095
9102
9113
9135
9157
9167
9177
9205
9242
9242
9248
9274
9275
9276
9277
9278
9285
9285
9290
9290
9292
9292
9294
9322
9322
9324
9336
9358
9367
9386
9389
9401
9402
9406
9437
9441
9443
9469
9470
9489
9491
9517
9523
9533
9543
9544
9547
9552
9553
9564
9566
9572
9585
9586
9595
9615
9617
9636
9641
9652
9652
9667
9689
9689
9690
9697
9713
9726
9739
9756
9773
9784
9803
9812
9846
9857
9863
9886
9886
9903
9909
9933
9942
9948
9968
9976
9990
9997
10000
10016
10024
10025
10032
10039
10042
10092
10096
10106
10110
10116
10136
10146
10155
10196
10209
10235
10257
10268
10294
10300
10301
10317
10334
10338
10397
10406
10410
10422
10426
10427
10444
10465
10478
10493
10517
10520
10523
10538
10538
10554
10566
10571
10581
10610
10635
10670
10673
10709
10727
10727
10748
10781
10816
10869
10873
10879
10888
10899
10927
10932
10952
10959
10981
10987
10988
10989
10998
11001
11002
11008
11019
11027
11031
11045
11049
11051
11069
11071
11094
11100
11139
11146
11161
11162
11169
11180
11217
11217
11226
11239
11260
11261
11267
11280
11288
11299
11305
11307
11321
11333
11389
11407
11471
11471
11508
11544
11562
11579
11583
11614
11622
11624
11626
11629
11634
11638
11682
11687
11689
11740
11787
11803
11832
11863
11868
11933
11945
11956
11982
11983
11987
11997
12027
12038
12084
12117
12137
12138
12149
12156
12172
12190
12250
12262
12268
12273
12279
12283
12307
12324
12356
12379
12385
12419
12491
12528
12529
12537
12566
12577
12588
12591
12657
12676
12687
12700
12727
12757
12818
12831
12836
12840
12858
12868
12872
12889
12925
12979
13029
13048
13075
13077
13089
13091
13092
13124
13133
13168
13170
13183
13208
13211
13214
13241
13259
13306
13325
13346
13350
13369
13392
13394
13396
13440
13443
13475
13479
13504
13558
13564
13599
13624
13650
13668
13699
13738
13742
13772
13779
13788
13795
13804
13820
13826
13829
13831
13863
13875
13877
13881
13884
13895
13940
13943
13944
13953
13961
13975
13987
13994
14005
14015
14040
14052
14070
14077
14086
14088
14140
14162
14183
14209
14242
14244
14312
14313
14318
14321
14327
14331
14355
14418
14428
14430
14440
14466
14475
14495
14510
14518
14532
14536
14545
14557
14575
14624
14675
14679
14715
14729
14732
14815
14816
14832
14844
14864
14867
14884
14917
14929
14969
14971
14997
15034
15089
15097
15138
15156
15181
15251
15279
15289
15293
15320
15333
15358
15381
15431
15434
15476
15548
15574
15582
15582
15625
15641
15653
15700
15716
15723
15763
15773
15775
15804
15834
15844
15938
15955
15956
16015
16068
16076
16162
16239
16260
16271
16273
16275
16346
16351
16381
16493
16558
16565
16595
16597
16625
16639
16687
16718
16746
16747
16775
16843
16874
16940
16962
16982
17053
17073
17079
17091
17110
17188
17222
17246
17297
17346
17357
17388
17390
17394
17464
17474
17525
17529
17603
17618
17628
17632
17698
17714
17748
17775
17806
17844
17943
18025
18054
18059
18087
18131
18175
18238
18255
18298
18301
18328
18335
18349
18396
18401
18409
18467
18469
18519
18640
18704
18704
18839
18869
18873
18967
19017
19157
19221
19275
19312
19354
19368
19392
19411
19423
19469
19532
19550
19552
19653
19697
19711
19786
19787
19910
19921
19943
19957
19988
20033
20089
20090
20143
20256
20507
20540
20709
20719
20750
20763
20778
20783
20830
20848
21027
21148
21383
21482
21486
21505
21808
21830
21883
21960
21996
22009
22040
22180
22311
22346
22391
22458
22521
22546
22583
22619
22675
22705
22721
22722
22801
22849
22893
22907
22966
23263
23347
23376
23461
23501
23588
23620
23669
23713
23878
24002
24040
24050
24053
24229
24285
24332
24367
24389
24481
24483
24533
24557
24713
24770
24773
24865
24875
25049
25216
25219
25623
25701
25713
25782
25878
25947
25959
26036
26045
26323
26324
26330
26368
26411
26558
26582
26613
26730
26987
27088
27123
27267
27455
27487
27540
27704
28267
28355
28388
28706
28773
28907
28963
29056
29202
29347
29463
29520
29618
29675
29703
29815
29916
29963
29998
30353
30372
30418
30469
30485
30638
30656
30783
30954
31333
31569
31653
31796
32044
32230
32800
32834
32862
32939
33228
33548
33715
33877
34631
34794
35049
35242
35404
35594
35662
35713
36045
36115
36160
36187
36300
36323
36494
36585
36756
36879
36928
37392
37606
37980
37981
38070
38288
38410
38774
39565
39734
39770
39844
40477
40563
40689
40899
40989
41075
42039
42383
42428
42551
42726
42936
43020
43690
43850
44216
45519
45714
45733
45909
46783
47333
47434
49155
49725
50538
53434
57675
58951
63842
64404
73443
80707
86696
