
































1
1
1
1
1
1
1
1
1
1
1
1
1
2
3
3
3
3
4
4
5
5
5
5
5
6
6
6
7
7
7
7
7
7
7
8
8
8
8
8
8
9
9
9
10
10
10
10
10
11
11
11
11
12
12
13
14
15
16
16
16
16
16
16
17
17
18
18
18
18
19
19
20
20
20
20
20
21
21
21
21
21
21
21
23
23
23
24
24
24
24
25
25
25
25
26
27
27
28
28
28
28
28
28
29
29
29
29
30
30
30
30
30
31
31
31
31
32
32
32
32
32
32
33
34
34
34
34
35
35
35
35
36
36
36
36
36
36
36
37
37
37
37
38
38
39
39
39
39
39
39
40
40
40
42
42
42
43
43
43
43
45
45
45
45
45
46
46
46
46
46
47
47
48
48
48
48
49
49
49
49
49
49
49
49
49
49
51
51
51
51
51
52
52
53
53
53
54
56
56
56
57
57
57
58
58
58
59
59
59
60
61
62
62
63
64
65
65
65
65
65
65
66
67
67
67
68
68
68
68
68
68
68
68
69
69
69
69
69
69
69
70
70
70
70
70
70
71
71
71
71
72
72
72
72
72
72
72
73
73
73
74
74
74
74
75
75
75
76
76
76
76
77
77
78
78
78
79
79
79
80
80
81
81
81
81
82
82
82
82
83
83
83
83
83
85
86
86
86
86
86
87
87
87
87
88
88
89
89
89
90
90
90
90
90
91
91
91
91
91
92
92
92
92
92
92
93
93
93
94
94
95
95
95
96
96
97
97
97
97
98
98
98
98
99
99
99
99
99
100
101
103
103
103
103
103
104
104
104
104
104
105
105
105
106
106
107
107
107
107
107
107
108
108
108
108
109
110
110
110
111
111
112
112
113
113
114
114
114
114
115
115
115
116
116
116
116
117
117
117
117
118
119
120
120
121
121
122
122
122
123
123
123
123
124
124
124
125
125
125
125
126
126
126
126
126
127
127
127
127
128
128
128
128
129
129
129
129
130
130
130
130
131
131
131
131
131
132
132
132
132
133
133
133
133
133
134
134
134
135
135
135
135
135
135
136
136
136
137
137
138
138
138
138
138
139
139
139
140
141
142
142
142
143
143
143
144
144
144
145
145
145
146
146
146
146
146
147
147
147
148
148
148
149
149
149
149
149
150
150
150
150
150
151
152
152
152
153
153
154
155
155
155
155
156
156
157
157
158
158
158
158
159
159
159
160
160
161
161
161
161
162
162
164
164
164
165
165
166
166
166
167
167
167
167
168
168
168
168
168
169
169
169
169
170
170
170
170
170
170
171
171
171
172
172
172
172
173
173
173
173
173
174
175
175
175
175
176
176
176
176
177
178
178
179
179
179
179
180
180
180
180
180
180
180
181
182
182
183
183
183
183
183
184
184
184
185
185
185
186
186
186
187
187
187
187
187
188
188
188
188
189
189
189
189
189
189
190
190
190
191
191
191
193
194
194
194
194
194
195
195
195
196
196
196
196
196
197
197
197
197
197
197
198
198
201
201
202
202
202
203
204
204
205
205
206
206
206
207
207
208
209
209
209
210
210
211
211
211
211
211
211
212
213
213
214
214
214
215
216
216
217
217
217
217
218
218
219
219
219
220
220
220
220
221
221
221
222
222
222
223
223
223
223
223
223
224
224
224
225
225
225
226
226
226
227
227
227
228
228
228
228
228
229
229
229
229
229
230
230
230
230
230
230
231
231
232
232
232
232
233
233
233
234
235
235
236
236
237
237
239
239
240
240
240
241
242
242
243
243
243
243
244
244
245
245
245
245
246
247
248
249
249
249
250
250
251
251
251
251
252
252
253
253
255
255
255
257
257
257
258
259
259
259
260
260
260
260
261
261
261
262
262
262
262
262
262
263
263
263
263
263
264
264
264
264
265
265
265
265
265
265
266
266
267
267
267
267
267
268
268
269
269
270
270
270
270
270
271
271
271
271
271
272
274
274
275
275
275
276
276
276
276
276
276
277
277
277
277
277
277
278
278
278
278
278
278
278
279
279
279
279
279
280
280
280
280
281
281
281
282
282
282
282
282
283
283
283
283
283
284
284
284
285
285
285
287
287
287
287
288
288
288
289
289
289
290
290
291
291
291
292
292
292
293
293
293
294
294
294
294
295
295
295
295
295
296
296
296
297
297
297
297
298
299
299
299
300
301
302
302
302
302
302
302
304
305
305
305
305
306
306
306
307
307
307
308
308
308
309
310
310
311
311
311
311
311
311
312
312
312
313
313
313
314
314
315
315
315
315
315
316
316
316
317
317
317
317
317
317
317
318
318
318
318
319
319
319
320
320
321
321
322
322
323
323
324
324
325
325
325
325
326
326
326
326
327
327
327
328
328
328
329
329
329
329
330
330
330
330
331
331
331
332
332
332
333
333
334
334
334
334
334
334
334
334
335
335
336
336
336
336
336
336
336
337
337
338
338
339
340
340
340
341
341
341
341
341
342
343
343
343
343
343
343
343
344
344
344
344
345
346
346
347
347
347
347
348
348
349
349
350
350
351
351
351
352
352
352
352
353
353
353
353
353
353
353
353
354
354
355
355
355
356
356
356
357
357
357
357
357
358
358
358
359
359
359
359
359
360
360
360
360
361
361
361
361
362
362
362
362
363
363
363
363
364
364
365
365
365
365
366
366
367
367
367
367
368
368
369
369
370
370
370
370
371
371
371
371
372
372
372
372
373
373
373
373
373
374
374
374
374
374
375
375
375
375
376
376
377
377
377
379
379
380
380
381
381
381
381
382
382
382
383
383
383
383
384
384
385
385
385
386
386
387
387
387
389
389
390
390
390
390
390
390
390
391
391
392
392
393
393
394
394
395
395
396
396
396
396
397
397
398
398
398
399
399
399
400
400
401
401
402
402
402
403
403
403
403
404
404
404
404
404
405
406
406
407
408
408
408
409
409
409
409
410
410
410
410
411
412
412
412
412
412
412
413
413
414
415
415
415
415
415
415
416
416
416
416
417
417
417
417
417
417
417
419
419
420
420
420
421
421
421
422
422
422
422
422
422
423
423
423
423
423
424
425
425
426
426
427
428
428
428
429
429
429
429
429
430
430
430
431
432
433
433
433
434
434
434
434
434
435
435
435
435
435
436
436
436
436
436
437
437
437
437
437
437
437
438
438
440
440
441
441
441
441
442
442
442
442
442
443
443
443
443
444
444
445
445
446
446
446
446
446
447
448
448
449
449
449
450
450
450
450
450
450
450
451
451
452
452
452
453
453
454
454
454
454
454
455
455
455
456
456
456
456
456
456
456
457
457
457
457
458
458
458
459
459
460
460
461
462
462
462
463
464
464
465
465
466
466
466
466
466
466
467
468
468
468
468
468
469
469
469
470
470
471
471
471
472
473
473
474
475
475
475
476
476
476
476
476
476
476
477
477
477
477
477
478
479
479
480
480
480
480
480
481
482
482
482
483
483
484
484
484
484
484
486
486
486
486
487
487
487
488
488
489
489
489
489
490
490
490
491
491
491
491
492
492
492
493
493
493
494
494
494
494
495
495
495
495
495
495
495
496
496
496
496
496
496
497
497
498
498
498
498
499
499
500
500
500
500
500
500
501
501
501
501
502
503
503
504
504
504
505
505
505
506
507
507
508
508
509
509
510
510
510
510
511
511
511
512
512
513
513
513
513
514
515
515
515
515
516
516
516
516
517
517
517
518
518
518
518
519
519
520
521
521
521
521
521
522
522
522
522
523
524
524
524
524
524
524
524
524
525
525
525
525
526
526
526
526
526
527
527
527
527
528
528
528
528
529
529
529
530
530
530
531
531
531
532
532
532
532
532
533
533
533
533
534
534
534
534
535
535
535
536
536
536
537
537
537
538
538
538
538
539
539
539
539
539
540
540
540
540
541
541
541
542
542
543
543
543
543
544
544
544
545
545
545
546
548
548
548
548
549
550
550
550
550
550
550
550
550
550
551
551
551
552
552
553
553
553
554
555
555
555
556
556
556
556
558
558
558
558
558
558
558
559
559
559
559
560
560
560
561
562
562
562
562
562
564
564
564
564
565
565
565
565
565
566
566
566
566
566
567
567
567
567
568
568
568
569
569
569
570
570
570
570
571
571
572
572
572
572
573
573
573
573
575
575
576
576
576
576
576
576
576
577
578
578
578
579
579
580
580
580
580
581
581
582
582
582
582
583
583
583
583
583
583
584
584
584
585
585
585
585
585
585
586
586
586
587
587
587
588
588
588
589
589
589
589
590
591
591
592
592
593
593
593
593
593
593
593
594
594
595
595
598
598
598
599
599
599
599
599
599
599
599
600
602
602
602
602
603
603
603
603
603
604
605
605
605
606
606
606
607
607
608
608
608
608
609
609
609
609
610
610
610
610
610
610
611
611
611
612
612
613
614
614
614
614
615
615
615
616
616
617
617
617
617
617
618
618
618
618
618
619
619
619
620
620
620
621
621
621
622
622
622
622
622
623
623
623
623
624
624
624
624
625
625
625
625
625
625
625
626
626
626
626
627
627
627
627
628
629
629
629
630
631
631
631
631
631
632
632
633
633
633
634
634
634
634
635
635
636
636
637
638
639
639
639
640
640
640
640
640
640
641
641
641
642
643
644
644
644
644
645
646
646
647
647
648
648
648
649
649
649
649
649
650
651
651
651
651
652
652
652
652
652
653
653
653
653
653
653
655
655
655
656
656
656
656
656
657
657
658
658
658
659
659
661
661
661
662
662
663
663
663
663
663
664
664
664
665
665
665
666
666
666
666
666
667
667
668
668
668
668
669
669
670
670
671
672
672
672
672
673
673
673
674
675
675
675
676
677
678
678
678
679
679
679
679
679
679
679
679
680
680
681
682
682
683
684
685
685
687
687
687
687
687
687
687
688
688
689
689
690
690
690
690
691
691
691
692
692
692
692
692
693
693
693
694
694
695
695
695
695
696
696
696
698
698
698
698
698
699
700
700
700
700
700
701
701
701
702
702
702
703
703
703
704
704
705
705
705
705
705
705
706
707
708
708
708
710
710
710
710
711
711
711
711
711
711
711
712
712
712
712
712
712
712
712
713
713
714
714
714
714
715
715
715
715
716
716
716
716
717
717
718
718
718
718
719
719
719
720
720
720
721
721
721
721
722
722
722
722
723
724
724
724
724
724
724
724
724
725
725
725
725
725
725
725
726
726
726
727
727
727
727
727
727
728
728
728
728
728
728
728
729
729
730
730
730
730
731
731
732
732
733
733
733
733
733
733
733
735
735
735
736
736
736
737
737
737
737
737
737
737
738
738
738
739
739
739
740
741
741
741
741
741
742
742
743
743
744
744
744
745
745
745
747
747
748
748
749
749
749
749
750
750
750
752
752
753
753
754
754
754
754
754
754
755
755
755
756
756
757
758
758
758
759
759
760
761
761
761
762
763
763
764
764
764
764
765
766
767
767
767
767
768
768
769
769
769
769
770
770
770
770
770
770
771
772
773
773
773
774
774
775
775
775
775
776
776
776
776
776
776
777
777
777
778
778
778
778
779
779
779
780
780
781
781
781
781
782
782
782
783
783
786
786
786
786
787
787
787
787
788
789
789
789
789
789
789
789
791
791
793
794
794
795
795
795
795
795
796
796
796
797
797
798
798
798
799
799
799
799
800
800
800
802
802
802
802
802
803
804
804
804
804
804
805
806
806
807
807
807
808
808
809
809
809
809
811
811
812
813
813
813
814
814
815
816
816
816
816
816
817
817
817
817
818
819
820
820
820
821
821
821
822
822
823
824
825
825
825
825
827
827
827
827
827
827
828
829
829
830
830
830
830
830
831
831
831
831
831
831
832
832
832
833
833
833
833
835
835
836
837
838
838
838
839
840
840
840
842
842
842
843
843
843
843
843
843
843
844
844
844
844
844
845
845
845
846
846
846
847
847
847
847
847
848
848
848
848
850
850
850
850
850
851
851
851
851
852
852
853
853
853
853
853
854
854
855
855
855
855
856
856
856
857
857
857
857
858
858
858
859
859
859
859
860
860
860
860
860
861
861
861
861
861
861
861
861
862
862
862
863
863
863
864
864
864
864
864
864
864
865
865
865
866
866
866
867
867
867
868
869
869
870
871
871
872
873
873
873
873
874
874
874
874
874
874
874
875
875
875
876
877
877
878
878
878
879
879
880
880
881
882
882
882
882
882
883
883
884
885
885
886
886
886
887
887
887
887
888
888
888
889
889
890
890
890
890
891
892
893
893
894
894
895
895
895
895
896
896
896
896
896
897
897
897
897
897
898
898
898
898
899
899
899
900
900
900
900
901
901
902
902
903
904
904
904
905
905
905
905
905
905
906
906
906
907
907
907
908
908
909
910
910
911
911
911
912
912
912
913
913
913
914
914
914
914
914
915
915
916
916
917
917
918
919
919
920
920
920
920
921
921
921
922
922
923
923
923
923
923
923
924
924
924
924
924
925
925
925
925
926
926
926
926
926
926
926
926
926
927
927
927
927
927
927
928
928
928
928
929
931
931
933
933
934
934
935
935
935
935
936
938
938
938
939
940
941
941
941
942
943
943
946
946
947
947
947
947
947
948
948
948
948
948
948
949
949
951
951
951
952
952
952
952
952
953
953
953
954
954
954
954
954
955
955
956
956
957
958
958
958
958
958
958
959
959
960
960
960
960
960
960
961
961
962
962
963
963
963
964
964
964
964
964
964
965
965
966
966
966
967
968
968
968
968
968
969
970
971
971
971
971
971
972
972
972
972
972
973
973
973
974
975
976
976
977
977
979
979
979
979
980
980
981
981
981
982
982
982
983
983
983
984
984
984
985
985
986
986
986
987
987
988
989
989
989
989
990
990
990
991
991
992
993
993
993
993
994
995
995
996
996
996
997
997
997
998
998
998
999
1000
1000
1001
1001
1002
1002
1002
1003
1003
1003
1004
1004
1004
1005
1005
1005
1006
1006
1007
1009
1009
1010
1011
1011
1011
1011
1012
1013
1013
1013
1014
1014
1015
1015
1015
1016
1016
1016
1017
1017
1017
1018
1018
1018
1018
1018
1019
1019
1019
1019
1020
1020
1021
1022
1022
1022
1023
1023
1023
1024
1024
1024
1024
1025
1026
1026
1027
1027
1028
1028
1028
1028
1030
1030
1030
1030
1031
1031
1031
1031
1032
1032
1033
1033
1033
1035
1035
1035
1036
1036
1037
1038
1038
1039
1039
1040
1040
1041
1041
1041
1042
1042
1042
1042
1043
1043
1044
1046
1046
1046
1047
1047
1048
1048
1049
1049
1049
1049
1050
1050
1050
1050
1051
1051
1051
1052
1053
1053
1053
1054
1054
1054
1055
1055
1056
1056
1057
1057
1057
1057
1057
1058
1059
1060
1060
1060
1060
1060
1060
1062
1062
1062
1063
1063
1063
1063
1064
1064
1065
1065
1067
1067
1067
1068
1068
1068
1068
1069
1070
1070
1070
1070
1070
1071
1072
1072
1072
1072
1072
1074
1074
1074
1075
1075
1075
1075
1075
1076
1076
1076
1077
1077
1077
1078
1079
1079
1079
1080
1080
1080
1081
1081
1081
1081
1081
1083
1084
1085
1086
1086
1086
1087
1087
1087
1089
1089
1089
1090
1090
1091
1091
1092
1093
1093
1094
1094
1095
1095
1095
1096
1096
1096
1096
1097
1097
1098
1098
1099
1099
1099
1100
1100
1100
1100
1101
1101
1102
1102
1104
1105
1105
1106
1106
1107
1107
1108
1109
1110
1110
1110
1112
1112
1113
1114
1114
1116
1117
1117
1118
1118
1118
1118
1118
1119
1119
1120
1120
1120
1121
1122
1122
1123
1123
1124
1126
1126
1126
1128
1128
1128
1129
1130
1131
1132
1132
1134
1134
1134
1134
1134
1135
1137
1137
1137
1138
1138
1139
1139
1139
1139
1140
1140
1142
1142
1142
1142
1143
1143
1146
1146
1147
1148
1149
1150
1150
1151
1151
1152
1152
1153
1153
1153
1154
1155
1155
1155
1156
1156
1156
1156
1157
1157
1158
1159
1159
1159
1160
1160
1160
1161
1161
1161
1162
1162
1162
1162
1162
1163
1163
1163
1163
1163
1163
1163
1164
1164
1164
1165
1165
1166
1166
1167
1167
1168
1169
1169
1169
1170
1170
1171
1171
1173
1173
1173
1174
1174
1174
1174
1174
1175
1176
1176
1176
1176
1177
1177
1177
1177
1177
1178
1178
1178
1178
1178
1178
1179
1180
1180
1180
1181
1181
1181
1182
1184
1184
1184
1185
1186
1186
1187
1187
1189
1190
1190
1191
1193
1193
1193
1194
1194
1194
1194
1195
1195
1196
1197
1197
1197
1197
1199
1200
1200
1200
1200
1202
1202
1203
1203
1203
1203
1203
1203
1204
1204
1205
1205
1205
1206
1207
1208
1208
1208
1209
1209
1210
1211
1211
1212
1212
1212
1213
1213
1214
1214
1214
1215
1215
1215
1215
1215
1216
1217
1217
1218
1218
1218
1219
1219
1219
1219
1220
1220
1221
1221
1223
1223
1223
1224
1224
1224
1225
1226
1226
1227
1227
1227
1228
1228
1228
1230
1232
1232
1232
1232
1233
1233
1233
1235
1235
1235
1235
1235
1235
1236
1236
1236
1236
1237
1237
1238
1238
1239
1239
1239
1241
1241
1241
1242
1242
1242
1242
1243
1243
1243
1244
1244
1244
1244
1244
1247
1248
1248
1248
1248
1248
1249
1249
1250
1253
1253
1254
1254
1254
1255
1255
1255
1257
1257
1258
1258
1258
1260
1260
1260
1260
1261
1261
1262
1262
1263
1263
1263
1265
1267
1268
1269
1270
1270
1270
1271
1271
1272
1275
1275
1275
1276
1276
1276
1277
1278
1278
1279
1280
1281
1281
1282
1283
1284
1284
1285
1286
1286
1286
1287
1287
1287
1288
1288
1288
1290
1290
1290
1290
1290
1291
1292
1292
1292
1293
1293
1293
1294
1296
1296
1296
1296
1296
1297
1297
1298
1298
1299
1299
1299
1300
1300
1301
1301
1302
1302
1303
1303
1303
1304
1304
1304
1304
1305
1305
1306
1307
1307
1308
1309
1311
1312
1312
1312
1313
1313
1313
1313
1313
1313
1314
1315
1315
1316
1316
1316
1317
1318
1319
1319
1320
1320
1320
1321
1322
1322
1323
1323
1324
1325
1325
1325
1325
1326
1326
1326
1326
1327
1328
1329
1329
1330
1331
1331
1332
1332
1332
1333
1334
1334
1335
1337
1337
1337
1338
1338
1339
1339
1340
1340
1340
1341
1343
1343
1344
1344
1344
1344
1344
1345
1345
1346
1346
1347
1347
1348
1348
1349
1349
1349
1350
1351
1351
1351
1352
1352
1352
1353
1353
1354
1354
1355
1355
1356
1356
1356
1356
1357
1358
1358
1359
1359
1360
1360
1361
1362
1362
1362
1362
1362
1363
1363
1364
1364
1364
1364
1365
1365
1366
1366
1367
1367
1368
1370
1370
1370
1370
1371
1371
1371
1372
1372
1372
1373
1373
1373
1374
1374
1376
1376
1376
1376
1377
1377
1377
1378
1380
1380
1380
1380
1381
1381
1381
1381
1382
1382
1382
1382
1383
1383
1383
1383
1383
1385
1386
1386
1386
1386
1386
1387
1387
1389
1389
1390
1390
1390
1391
1391
1391
1391
1392
1392
1393
1393
1393
1394
1394
1395
1395
1396
1397
1397
1397
1397
1397
1398
1398
1399
1400
1400
1400
1400
1401
1401
1402
1403
1404
1404
1405
1405
1405
1406
1406
1407
1408
1408
1409
1409
1409
1410
1410
1410
1412
1414
1414
1415
1416
1417
1417
1418
1419
1420
1420
1421
1421
1422
1422
1422
1422
1423
1423
1423
1423
1424
1424
1424
1426
1427
1428
1429
1429
1429
1429
1430
1430
1430
1431
1431
1432
1433
1434
1435
1435
1435
1436
1437
1437
1438
1438
1439
1439
1439
1439
1440
1441
1443
1443
1444
1445
1446
1446
1448
1448
1449
1450
1450
1450
1451
1452
1452
1452
1453
1453
1453
1454
1454
1454
1455
1457
1459
1459
1459
1461
1462
1462
1462
1462
1462
1462
1463
1463
1464
1465
1465
1465
1466
1466
1466
1467
1468
1468
1468
1469
1469
1469
1470
1471
1471
1472
1472
1472
1473
1474
1474
1474
1474
1475
1475
1475
1476
1477
1477
1478
1479
1480
1481
1482
1482
1482
1482
1483
1484
1484
1485
1486
1486
1486
1487
1487
1487
1488
1489
1489
1490
1490
1492
1493
1493
1494
1494
1494
1494
1494
1494
1494
1494
1495
1497
1497
1498
1498
1498
1498
1499
1500
1500
1501
1501
1502
1503
1504
1504
1505
1505
1505
1505
1506
1507
1508
1508
1508
1508
1509
1510
1510
1511
1511
1512
1513
1514
1514
1516
1516
1517
1518
1518
1519
1520
1520
1520
1522
1522
1522
1522
1523
1523
1523
1524
1525
1525
1526
1527
1527
1528
1528
1528
1529
1529
1530
1531
1532
1533
1533
1533
1533
1533
1534
1534
1534
1535
1535
1535
1535
1537
1538
1538
1538
1539
1539
1539
1539
1539
1540
1540
1541
1541
1542
1542
1543
1543
1543
1546
1546
1546
1546
1547
1547
1548
1548
1548
1550
1550
1550
1552
1554
1554
1555
1556
1556
1557
1557
1557
1559
1559
1559
1559
1560
1560
1562
1563
1563
1563
1566
1566
1566
1567
1567
1567
1568
1569
1569
1569
1569
1570
1571
1571
1571
1571
1572
1573
1573
1574
1574
1574
1574
1576
1576
1576
1576
1577
1577
1577
1578
1578
1578
1580
1582
1582
1583
1583
1583
1584
1584
1584
1584
1586
1587
1587
1589
1589
1589
1590
1591
1592
1592
1592
1593
1593
1594
1594
1595
1595
1596
1596
1596
1596
1596
1597
1598
1598
1598
1599
1599
1601
1601
1601
1601
1602
1603
1604
1604
1605
1605
1606
1606
1606
1606
1608
1608
1608
1609
1611
1611
1612
1612
1612
1613
1613
1613
1613
1614
1615
1615
1615
1616
1616
1616
1617
1618
1619
1619
1620
1621
1621
1622
1622
1623
1624
1625
1625
1626
1627
1627
1627
1628
1628
1629
1630
1630
1630
1631
1631
1632
1632
1633
1633
1633
1635
1635
1637
1638
1638
1639
1640
1640
1640
1641
1641
1642
1644
1644
1644
1646
1646
1646
1646
1647
1647
1647
1647
1648
1648
1649
1651
1651
1652
1653
1653
1653
1654
1655
1657
1658
1658
1658
1658
1659
1659
1659
1661
1662
1664
1665
1667
1667
1667
1667
1667
1668
1668
1669
1669
1670
1670
1670
1671
1673
1674
1675
1676
1676
1676
1677
1677
1677
1678
1678
1679
1679
1679
1680
1681
1683
1683
1683
1684
1685
1686
1687
1687
1687
1687
1688
1688
1689
1689
1689
1689
1691
1692
1692
1692
1692
1692
1693
1693
1693
1693
1694
1695
1695
1698
1699
1701
1701
1702
1702
1702
1703
1705
1705
1705
1706
1707
1708
1709
1709
1709
1711
1711
1712
1713
1714
1714
1714
1715
1716
1717
1718
1718
1718
1719
1719
1719
1720
1721
1722
1722
1722
1722
1722
1725
1725
1726
1726
1727
1727
1728
1729
1729
1730
1731
1732
1734
1734
1734
1734
1734
1734
1735
1736
1736
1737
1739
1739
1739
1740
1740
1740
1741
1741
1742
1743
1743
1746
1746
1747
1747
1748
1748
1748
1748
1749
1749
1750
1750
1750
1751
1752
1753
1754
1754
1755
1755
1758
1758
1759
1759
1760
1761
1761
1763
1764
1767
1767
1768
1768
1768
1768
1771
1771
1772
1772
1772
1772
1773
1773
1773
1775
1775
1775
1776
1777
1777
1778
1779
1779
1779
1780
1782
1783
1783
1784
1785
1785
1785
1785
1786
1787
1787
1787
1787
1789
1790
1790
1791
1791
1791
1793
1793
1794
1794
1796
1796
1796
1798
1800
1800
1800
1801
1802
1802
1803
1803
1803
1803
1803
1806
1807
1807
1807
1807
1808
1809
1809
1810
1812
1812
1813
1813
1813
1814
1816
1818
1819
1819
1819
1820
1821
1821
1822
1822
1824
1824
1824
1825
1826
1827
1828
1829
1831
1832
1832
1833
1835
1836
1836
1836
1838
1839
1839
1840
1841
1841
1842
1842
1843
1844
1844
1844
1845
1846
1846
1846
1847
1847
1847
1848
1850
1850
1850
1851
1852
1853
1858
1858
1859
1860
1860
1861
1863
1864
1864
1864
1866
1866
1867
1868
1868
1868
1868
1868
1868
1869
1869
1869
1870
1870
1870
1870
1870
1872
1872
1873
1875
1876
1877
1877
1878
1878
1878
1879
1879
1879
1879
1880
1880
1880
1885
1887
1887
1887
1888
1888
1889
1892
1892
1892
1894
1894
1895
1895
1895
1895
1896
1897
1898
1898
1899
1899
1900
1902
1903
1903
1904
1905
1905
1906
1906
1906
1907
1908
1908
1908
1909
1909
1910
1910
1910
1910
1910
1912
1912
1912
1914
1914
1915
1915
1915
1915
1916
1916
1916
1918
1918
1919
1919
1920
1921
1921
1922
1923
1924
1925
1926
1927
1927
1928
1928
1929
1929
1930
1931
1932
1932
1933
1935
1936
1938
1938
1938
1938
1940
1941
1942
1942
1942
1943
1943
1944
1946
1946
1946
1949
1950
1950
1951
1951
1951
1952
1952
1952
1952
1953
1953
1954
1954
1955
1955
1956
1957
1957
1958
1958
1958
1959
1960
1961
1962
1963
1963
1965
1966
1966
1967
1967
1968
1969
1971
1971
1971
1972
1973
1975
1976
1976
1976
1977
1979
1979
1979
1981
1982
1983
1983
1984
1985
1985
1986
1986
1986
1986
1987
1987
1987
1988
1988
1990
1992
1992
1995
1997
1998
1998
2000
2001
2001
2002
2002
2003
2005
2007
2007
2007
2009
2009
2009
2010
2011
2011
2012
2013
2014
2015
2015
2016
2016
2017
2019
2019
2020
2020
2020
2020
2022
2023
2026
2026
2027
2028
2028
2028
2028
2029
2029
2029
2030
2031
2031
2031
2031
2032
2033
2033
2035
2035
2037
2037
2037
2037
2037
2038
2038
2039
2040
2040
2041
2041
2041
2041
2041
2042
2042
2042
2043
2043
2044
2044
2047
2047
2049
2049
2049
2049
2049
2050
2052
2053
2054
2054
2054
2054
2055
2056
2057
2058
2058
2058
2059
2059
2061
2061
2061
2061
2062
2063
2064
2065
2065
2066
2066
2066
2066
2066
2067
2067
2068
2069
2070
2071
2072
2074
2075
2076
2077
2078
2078
2079
2079
2079
2079
2081
2081
2081
2084
2084
2085
2085
2086
2086
2087
2087
2089
2089
2089
2090
2092
2094
2095
2095
2096
2096
2098
2099
2099
2100
2100
2100
2101
2102
2102
2102
2103
2104
2104
2104
2104
2105
2105
2105
2107
2108
2108
2108
2110
2110
2110
2112
2113
2114
2114
2114
2114
2115
2116
2116
2118
2121
2121
2122
2122
2123
2123
2123
2123
2124
2125
2125
2126
2126
2127
2128
2128
2129
2129
2130
2131
2131
2132
2134
2135
2136
2136
2137
2138
2138
2138
2140
2141
2142
2142
2143
2143
2145
2145
2146
2146
2147
2147
2147
2148
2148
2149
2149
2149
2150
2150
2150
2150
2150
2150
2151
2154
2154
2154
2155
2156
2159
2159
2161
2161
2161
2162
2162
2164
2164
2164
2164
2164
2164
2165
2166
2166
2167
2168
2168
2169
2171
2172
2172
2172
2172
2173
2173
2173
2174
2174
2174
2175
2176
2176
2177
2177
2177
2177
2178
2178
2178
2180
2180
2180
2181
2181
2181
2182
2182
2183
2184
2184
2185
2187
2188
2188
2188
2189
2190
2190
2191
2193
2193
2194
2196
2197
2198
2199
2199
2200
2200
2200
2201
2202
2203
2203
2205
2205
2205
2206
2207
2207
2208
2210
2211
2211
2212
2212
2214
2214
2215
2215
2216
2216
2216
2218
2220
2221
2221
2222
2222
2226
2227
2228
2229
2230
2231
2234
2234
2236
2237
2238
2238
2240
2241
2242
2242
2243
2243
2243
2244
2244
2244
2246
2248
2248
2249
2250
2251
2254
2256
2256
2257
2259
2259
2260
2260
2261
2262
2262
2262
2263
2264
2264
2268
2268
2269
2270
2271
2271
2272
2272
2273
2273
2273
2274
2274
2274
2275
2276
2276
2277
2278
2278
2279
2280
2280
2280
2280
2281
2281
2282
2283
2283
2284
2285
2285
2286
2286
2287
2288
2288
2289
2289
2290
2290
2290
2291
2292
2292
2293
2294
2294
2295
2296
2297
2298
2299
2299
2299
2300
2300
2300
2301
2302
2303
2303
2304
2304
2304
2305
2306
2307
2307
2307
2308
2308
2309
2310
2310
2310
2312
2312
2312
2313
2314
2315
2317
2317
2318
2319
2320
2320
2320
2321
2323
2324
2325
2326
2326
2326
2327
2329
2330
2330
2332
2333
2333
2335
2335
2339
2340
2340
2343
2343
2345
2346
2346
2346
2347
2347
2348
2348
2348
2352
2353
2353
2354
2354
2355
2356
2357
2357
2358
2358
2358
2358
2359
2360
2363
2363
2363
2363
2363
2363
2364
2364
2366
2366
2367
2367
2372
2373
2374
2374
2374
2379
2380
2381
2381
2381
2382
2382
2383
2384
2387
2387
2388
2389
2390
2390
2391
2391
2392
2393
2393
2393
2394
2395
2396
2396
2397
2399
2399
2403
2403
2404
2404
2405
2406
2407
2407
2408
2408
2410
2410
2411
2412
2412
2413
2414
2414
2418
2419
2419
2419
2420
2420
2421
2422
2422
2423
2423
2423
2423
2428
2430
2430
2430
2431
2433
2434
2435
2435
2437
2437
2439
2440
2441
2441
2443
2443
2444
2444
2445
2447
2447
2447
2448
2448
2449
2450
2450
2450
2451
2451
2451
2453
2453
2455
2457
2458
2458
2459
2460
2461
2461
2461
2464
2464
2468
2469
2471
2472
2472
2473
2474
2475
2476
2478
2478
2478
2478
2479
2479
2479
2480
2481
2484
2484
2485
2485
2487
2489
2489
2490
2491
2492
2492
2493
2493
2497
2498
2499
2500
2501
2502
2503
2504
2505
2506
2506
2506
2507
2509
2509
2510
2510
2511
2511
2513
2516
2516
2517
2517
2517
2518
2518
2523
2524
2525
2525
2526
2526
2526
2528
2528
2529
2529
2530
2532
2532
2533
2533
2533
2533
2533
2533
2535
2535
2536
2537
2537
2537
2538
2541
2542
2544
2544
2546
2547
2548
2548
2549
2550
2550
2552
2553
2554
2554
2555
2556
2557
2559
2559
2560
2563
2564
2565
2565
2565
2565
2567
2570
2571
2572
2575
2577
2578
2578
2578
2580
2583
2585
2585
2586
2586
2588
2589
2589
2590
2590
2590
2591
2592
2593
2594
2594
2595
2597
2598
2599
2600
2600
2602
2602
2605
2607
2607
2610
2611
2612
2613
2615
2615
2616
2617
2618
2621
2621
2621
2622
2624
2625
2626
2626
2628
2628
2629
2629
2629
2630
2633
2634
2637
2638
2638
2638
2638
2638
2639
2639
2640
2643
2643
2644
2645
2647
2649
2649
2649
2650
2651
2653
2653
2654
2654
2654
2656
2656
2662
2663
2664
2664
2666
2666
2666
2667
2667
2667
2669
2671
2672
2672
2673
2673
2674
2677
2677
2678
2679
2679
2679
2679
2679
2682
2689
2690
2691
2693
2693
2695
2695
2695
2695
2695
2696
2696
2699
2699
2700
2700
2700
2701
2704
2706
2706
2707
2707
2709
2710
2714
2714
2715
2715
2716
2717
2718
2719
2720
2720
2722
2723
2724
2725
2725
2727
2727
2730
2730
2732
2732
2734
2735
2735
2735
2735
2737
2738
2738
2739
2740
2741
2742
2745
2746
2747
2747
2748
2749
2749
2749
2754
2754
2755
2756
2756
2756
2757
2757
2758
2760
2760
2761
2761
2764
2764
2765
2765
2766
2767
2767
2769
2769
2770
2773
2776
2776
2780
2781
2781
2782
2783
2783
2783
2784
2784
2785
2787
2787
2788
2789
2791
2794
2795
2796
2799
2800
2800
2802
2807
2807
2809
2811
2811
2812
2813
2814
2816
2817
2818
2818
2819
2819
2819
2819
2821
2821
2821
2822
2823
2824
2824
2827
2827
2828
2828
2829
2830
2830
2831
2832
2833
2833
2833
2833
2833
2834
2834
2834
2835
2835
2836
2836
2836
2836
2837
2837
2839
2840
2841
2841
2841
2842
2843
2843
2843
2845
2846
2846
2847
2848
2848
2849
2850
2851
2852
2852
2853
2853
2855
2855
2855
2855
2856
2856
2856
2858
2859
2859
2860
2861
2861
2861
2861
2863
2863
2863
2864
2865
2865
2865
2865
2866
2869
2869
2871
2872
2872
2873
2876
2876
2876
2876
2877
2878
2879
2879
2880
2881
2881
2883
2883
2884
2887
2889
2889
2889
2889
2890
2892
2895
2896
2896
2896
2896
2897
2897
2899
2899
2899
2900
2901
2901
2902
2905
2906
2907
2907
2910
2912
2913
2913
2914
2915
2915
2915
2916
2916
2917
2919
2921
2923
2925
2927
2930
2930
2932
2933
2933
2933
2935
2936
2936
2937
2939
2939
2941
2944
2945
2945
2946
2949
2950
2951
2951
2952
2952
2953
2953
2954
2957
2958
2959
2959
2962
2964
2966
2966
2967
2967
2967
2969
2971
2974
2974
2974
2975
2975
2976
2977
2977
2978
2978
2979
2981
2982
2982
2985
2986
2987
2989
2991
2991
2992
2993
2995
2996
2996
2997
2998
2999
3000
3001
3002
3004
3005
3006
3006
3006
3006
3010
3011
3013
3013
3014
3014
3015
3015
3017
3017
3017
3018
3020
3021
3021
3022
3023
3023
3025
3026
3027
3030
3030
3030
3031
3032
3033
3033
3034
3036
3037
3037
3037
3037
3038
3039
3040
3040
3041
3042
3043
3043
3043
3043
3044
3044
3047
3047
3047
3048
3052
3053
3053
3055
3063
3065
3066
3067
3068
3068
3068
3070
3071
3072
3073
3074
3076
3076
3077
3079
3083
3085
3085
3086
3088
3088
3090
3090
3090
3090
3091
3094
3097
3099
3100
3100
3101
3102
3102
3103
3105
3106
3108
3111
3112
3113
3114
3115
3115
3115
3116
3118
3120
3123
3123
3124
3126
3127
3130
3132
3132
3134
3134
3135
3136
3136
3137
3137
3137
3138
3138
3138
3140
3140
3141
3143
3143
3145
3146
3149
3149
3152
3155
3155
3158
3159
3160
3161
3161
3162
3162
3162
3164
3164
3165
3166
3167
3168
3171
3172
3172
3173
3173
3173
3173
3173
3175
3175
3175
3176
3177
3182
3182
3185
3185
3187
3188
3189
3189
3189
3190
3190
3190
3190
3191
3195
3195
3195
3197
3197
3198
3198
3200
3201
3202
3202
3203
3204
3204
3205
3205
3207
3208
3208
3208
3211
3211
3213
3214
3214
3216
3217
3217
3218
3219
3219
3221
3223
3223
3224
3225
3225
3226
3226
3229
3233
3234
3234
3234
3235
3235
3237
3239
3239
3241
3244
3246
3247
3247
3247
3249
3249
3250
3250
3250
3252
3253
3256
3257
3258
3260
3260
3265
3269
3270
3272
3272
3273
3274
3274
3275
3276
3277
3281
3281
3282
3283
3283
3283
3286
3286
3286
3290
3290
3291
3293
3295
3299
3300
3303
3305
3305
3306
3307
3308
3309
3309
3310
3313
3314
3315
3317
3317
3321
3322
3323
3325
3325
3326
3327
3328
3328
3328
3335
3336
3338
3338
3339
3339
3339
3341
3341
3342
3342
3342
3342
3345
3346
3347
3348
3349
3349
3354
3357
3359
3360
3363
3364
3364
3365
3367
3368
3368
3370
3373
3374
3374
3375
3376
3376
3376
3377
3379
3379
3380
3381
3383
3383
3385
3385
3386
3386
3386
3387
3387
3387
3390
3390
3392
3399
3402
3402
3403
3404
3404
3405
3406
3406
3410
3412
3414
3414
3415
3415
3415
3417
3417
3418
3419
3420
3420
3422
3424
3424
3425
3428
3430
3434
3435
3435
3435
3436
3436
3441
3442
3445
3446
3448
3448
3449
3449
3450
3453
3454
3454
3454
3454
3454
3455
3457
3458
3459
3460
3464
3465
3467
3470
3470
3471
3473
3474
3475
3475
3476
3478
3479
3480
3480
3483
3483
3485
3486
3488
3489
3489
3490
3491
3492
3492
3492
3494
3495
3497
3497
3498
3498
3499
3499
3500
3500
3501
3501
3502
3504
3504
3505
3507
3507
3510
3512
3514
3514
3514
3519
3520
3528
3529
3533
3533
3533
3533
3534
3536
3538
3538
3539
3539
3539
3542
3544
3544
3545
3545
3547
3547
3550
3552
3554
3555
3555
3555
3555
3557
3560
3562
3563
3563
3565
3565
3567
3572
3573
3574
3576
3576
3577
3577
3584
3584
3584
3585
3586
3586
3587
3588
3589
3589
3591
3591
3594
3596
3596
3599
3600
3602
3603
3604
3607
3607
3608
3609
3609
3610
3610
3611
3611
3611
3615
3615
3617
3617
3620
3621
3621
3621
3621
3623
3625
3625
3628
3629
3632
3634
3635
3637
3637
3638
3639
3641
3642
3642
3642
3642
3643
3645
3647
3648
3648
3648
3649
3650
3650
3651
3651
3652
3653
3654
3657
3657
3659
3660
3661
3662
3662
3664
3664
3665
3667
3667
3669
3670
3671
3672
3673
3673
3675
3676
3676
3679
3681
3682
3683
3686
3686
3689
3690
3691
3692
3693
3693
3693
3695
3696
3696
3698
3699
3700
3701
3703
3704
3704
3706
3708
3708
3714
3714
3715
3715
3716
3717
3719
3720
3722
3725
3727
3730
3730
3730
3732
3737
3739
3739
3742
3743
3747
3748
3749
3749
3751
3754
3755
3756
3756
3757
3758
3759
3763
3767
3768
3769
3771
3773
3773
3774
3774
3779
3779
3780
3783
3785
3786
3789
3790
3790
3796
3796
3798
3799
3800
3801
3802
3802
3804
3806
3806
3807
3807
3813
3813
3815
3816
3816
3817
3819
3822
3822
3822
3823
3824
3826
3827
3827
3829
3832
3832
3833
3833
3834
3835
3836
3836
3836
3837
3837
3839
3839
3840
3840
3841
3846
3847
3849
3851
3851
3851
3855
3856
3856
3856
3856
3856
3858
3861
3861
3862
3863
3863
3863
3864
3865
3865
3868
3868
3870
3871
3875
3875
3875
3883
3884
3889
3893
3893
3895
3898
3900
3901
3901
3905
3905
3905
3906
3907
3907
3907
3909
3913
3915
3919
3920
3920
3921
3922
3923
3924
3926
3931
3931
3933
3941
3944
3946
3946
3947
3947
3947
3947
3947
3950
3951
3953
3956
3957
3958
3958
3959
3960
3963
3963
3965
3966
3967
3968
3968
3973
3974
3974
3975
3978
3979
3979
3982
3984
3984
3985
3986
3986
3986
3986
3987
3988
3990
3991
3993
3999
4004
4004
4004
4005
4009
4012
4012
4022
4024
4026
4027
4027
4028
4028
4031
4031
4033
4042
4043
4044
4045
4045
4047
4048
4051
4051
4052
4054
4054
4055
4056
4059
4063
4065
4067
4067
4072
4075
4078
4080
4081
4082
4082
4082
4083
4085
4088
4089
4089
4089
4093
4093
4094
4094
4095
4097
4097
4099
4100
4100
4101
4101
4105
4106
4107
4108
4114
4119
4119
4120
4121
4123
4126
4127
4129
4131
4134
4135
4137
4137
4140
4140
4141
4142
4147
4153
4158
4160
4160
4160
4160
4161
4168
4169
4170
4171
4172
4172
4180
4180
4180
4184
4185
4186
4187
4187
4187
4188
4189
4192
4195
4196
4196
4202
4204
4205
4207
4208
4209
4209
4209
4214
4215
4216
4222
4222
4225
4227
4228
4228
4228
4230
4231
4231
4233
4234
4235
4236
4236
4236
4237
4239
4241
4242
4243
4243
4243
4243
4243
4243
4243
4244
4245
4246
4246
4247
4248
4250
4251
4257
4257
4258
4258
4261
4265
4268
4268
4268
4269
4269
4272
4273
4275
4276
4280
4280
4281
4284
4284
4285
4286
4288
4290
4292
4293
4294
4294
4294
4298
4303
4304
4306
4306
4308
4310
4311
4311
4312
4312
4313
4318
4318
4320
4326
4326
4327
4327
4329
4331
4333
4333
4334
4338
4339
4340
4342
4344
4344
4347
4351
4356
4358
4363
4364
4366
4366
4368
4369
4374
4377
4377
4378
4378
4380
4380
4381
4381
4385
4386
4388
4389
4390
4391
4391
4391
4394
4394
4396
4399
4401
4403
4403
4405
4406
4408
4409
4409
4410
4412
4420
4422
4424
4425
4431
4435
4441
4445
4445
4447
4447
4448
4451
4453
4457
4459
4462
4463
4463
4464
4466
4466
4468
4468
4469
4469
4470
4470
4473
4474
4474
4475
4475
4479
4480
4481
4481
4484
4486
4486
4490
4491
4493
4494
4497
4498
4501
4501
4512
4513
4519
4520
4521
4523
4523
4524
4529
4531
4535
4537
4539
4540
4541
4544
4545
4547
4552
4553
4553
4554
4555
4557
4559
4559
4561
4561
4561
4565
4565
4568
4569
4569
4571
4572
4573
4576
4582
4583
4583
4585
4586
4587
4589
4590
4594
4598
4599
4599
4599
4600
4604
4608
4612
4612
4614
4615
4616
4619
4620
4620
4623
4623
4623
4624
4625
4626
4626
4626
4627
4632
4634
4640
4640
4640
4646
4647
4647
4647
4649
4649
4651
4651
4654
4655
4656
4658
4662
4663
4663
4663
4666
4669
4670
4670
4670
4670
4674
4674
4674
4674
4677
4681
4682
4683
4683
4684
4688
4688
4689
4694
4695
4696
4698
4698
4700
4700
4701
4708
4708
4710
4710
4712
4712
4715
4718
4722
4723
4726
4726
4731
4731
4735
4741
4744
4749
4756
4760
4765
4765
4766
4768
4769
4769
4770
4774
4776
4777
4782
4789
4790
4792
4792
4793
4797
4805
4807
4808
4811
4811
4812
4812
4813
4814
4819
4820
4828
4832
4833
4836
4837
4845
4850
4851
4859
4859
4860
4861
4863
4869
4870
4876
4881
4888
4891
4896
4898
4899
4905
4906
4908
4908
4909
4911
4912
4912
4915
4916
4916
4919
4921
4925
4926
4932
4933
4933
4937
4938
4940
4957
4957
4958
4967
4972
4977
4980
4981
4982
4983
4986
4986
4987
4988
4988
4992
4993
4996
4997
4999
5001
5004
5005
5006
5006
5007
5008
5009
5013
5015
5020
5020
5021
5024
5029
5036
5036
5038
5042
5042
5046
5048
5050
5055
5055
5059
5061
5061
5066
5075
5075
5083
5084
5087
5092
5093
5096
5099
5104
5106
5108
5108
5110
5113
5116
5116
5117
5125
5127
5128
5129
5132
5133
5134
5141
5141
5145
5146
5148
5154
5157
5159
5159
5159
5159
5161
5162
5165
5171
5174
5175
5176
5178
5180
5183
5184
5185
5194
5198
5201
5203
5207
5207
5207
5208
5210
5212
5213
5214
5216
5219
5219
5220
5223
5226
5228
5233
5234
5237
5237
5237
5243
5244
5246
5246
5248
5248
5251
5254
5255
5256
5260
5266
5268
5268
5277
5284
5292
5294
5295
5296
5304
5305
5307
5312
5313
5321
5322
5328
5329
5330
5331
5333
5333
5334
5339
5340
5344
5345
5346
5347
5349
5351
5352
5352
5352
5353
5353
5357
5359
5359
5359
5361
5366
5372
5380
5385
5388
5390
5398
5409
5411
5411
5412
5415
5423
5433
5437
5440
5441
5442
5442
5445
5447
5451
5460
5460
5464
5471
5474
5479
5480
5481
5482
5482
5484
5484
5486
5486
5489
5489
5489
5489
5491
5494
5494
5497
5501
5502
5505
5509
5509
5515
5515
5515
5523
5523
5524
5525
5525
5527
5531
5532
5532
5532
5533
5535
5538
5543
5548
5550
5552
5552
5553
5557
5559
5560
5563
5567
5568
5568
5571
5571
5572
5581
5595
5601
5607
5610
5611
5612
5613
5615
5618
5618
5619
5621
5623
5627
5627
5629
5637
5639
5639
5640
5641
5642
5644
5644
5645
5649
5649
5655
5656
5658
5662
5665
5668
5669
5670
5673
5675
5676
5677
5678
5678
5680
5683
5686
5688
5691
5701
5703
5704
5707
5710
5715
5716
5716
5716
5717
5721
5727
5728
5731
5736
5743
5746
5749
5750
5750
5753
5756
5757
5761
5774
5776
5777
5780
5786
5789
5791
5802
5804
5804
5804
5805
5811
5812
5813
5815
5817
5817
5823
5825
5827
5829
5831
5834
5838
5839
5841
5843
5844
5847
5849
5851
5853
5854
5855
5856
5856
5857
5857
5859
5863
5864
5865
5865
5868
5875
5877
5880
5880
5882
5888
5890
5890
5901
5902
5904
5905
5910
5911
5914
5914
5917
5920
5921
5923
5924
5924
5926
5927
5927
5929
5930
5931
5933
5937
5939
5942
5948
5953
5968
5969
5970
5971
5980
5981
5985
5985
5996
5997
5998
6000
6006
6008
6008
6010
6010
6013
6015
6017
6018
6018
6019
6025
6025
6026
6028
6028
6030
6032
6034
6043
6043
6046
6047
6048
6048
6050
6051
6051
6053
6056
6058
6061
6065
6065
6072
6075
6078
6082
6089
6092
6095
6096
6096
6099
6102
6105
6117
6123
6125
6126
6131
6136
6136
6141
6143
6147
6157
6162
6163
6167
6170
6174
6177
6179
6183
6185
6186
6193
6193
6195
6195
6197
6198
6204
6205
6206
6207
6210
6214
6215
6220
6223
6223
6230
6231
6237
6244
6246
6252
6253
6254
6261
6275
6282
6302
6305
6306
6308
6308
6310
6311
6313
6315
6319
6321
6321
6324
6332
6332
6332
6335
6338
6339
6342
6344
6344
6351
6356
6362
6364
6369
6369
6372
6381
6382
6385
6389
6390
6391
6393
6409
6409
6415
6418
6421
6422
6424
6426
6434
6440
6445
6451
6451
6452
6453
6454
6455
6456
6459
6465
6475
6477
6486
6487
6489
6494
6495
6496
6504
6509
6509
6511
6513
6513
6521
6524
6530
6532
6533
6535
6546
6548
6549
6554
6555
6559
6559
6564
6573
6576
6586
6590
6591
6593
6598
6599
6608
6612
6615
6615
6616
6618
6621
6625
6628
6628
6633
6636
6639
6642
6643
6643
6644
6646
6647
6651
6652
6654
6657
6659
6667
6669
6670
6672
6674
6681
6681
6686
6688
6691
6693
6695
6696
6698
6700
6705
6713
6716
6743
6749
6754
6756
6760
6760
6761
6763
6764
6769
6771
6778
6780
6781
6785
6788
6793
6796
6798
6800
6817
6818
6822
6824
6827
6838
6839
6847
6848
6849
6855
6855
6856
6860
6863
6867
6868
6872
6873
6875
6875
6879
6881
6886
6897
6902
6913
6925
6934
6934
6940
6940
6948
6958
6958
6961
6961
6965
6966
6966
6976
6977
6978
6982
6991
6996
6998
7007
7007
7008
7009
7010
7016
7024
7026
7032
7034
7035
7036
7042
7046
7050
7050
7050
7054
7055
7057
7057
7058
7059
7061
7063
7066
7068
7068
7081
7084
7084
7084
7086
7087
7089
7090
7101
7103
7115
7117
7120
7128
7138
7139
7139
7150
7157
7166
7174
7175
7177
7177
7177
7178
7209
7210
7215
7215
7218
7220
7232
7241
7242
7242
7252
7253
7263
7264
7264
7269
7271
7272
7275
7283
7287
7290
7292
7294
7294
7296
7298
7299
7301
7301
7305
7307
7311
7313
7313
7324
7327
7332
7340
7340
7344
7355
7370
7374
7378
7381
7387
7394
7402
7404
7412
7417
7418
7420
7422
7422
7423
7424
7426
7428
7430
7439
7448
7452
7452
7453
7458
7462
7467
7471
7472
7473
7473
7478
7480
7489
7491
7497
7526
7529
7537
7537
7548
7557
7560
7560
7566
7569
7577
7577
7578
7580
7581
7589
7592
7593
7595
7598
7602
7602
7609
7611
7613
7614
7626
7626
7631
7634
7635
7636
7638
7645
7649
7654
7654
7656
7658
7659
7667
7671
7682
7686
7692
7693
7700
7715
7718
7719
7723
7725
7726
7729
7739
7740
7746
7748
7758
7758
7768
7771
7785
7789
7803
7807
7813
7815
7819
7834
7844
7851
7851
7868
7876
7879
7881
7882
7882
7888
7896
7897
7925
7930
7933
7935
7949
7953
7956
7959
7976
7987
7988
7990
7991
7991
8006
8007
8008
8009
8016
8028
8034
8040
8047
8048
8059
8059
8075
8082
8085
8097
8108
8121
8123
8125
8126
8127
8134
8145
8148
8149
8162
8176
8180
8180
8182
8183
8185
8190
8190
8192
8194
8195
8195
8203
8206
8218
8224
8232
8233
8234
8237
8239
8244
8249
8253
8260
8275
8286
8287
8292
8295
8297
8329
8342
8347
8355
8362
8366
8372
8379
8380
8395
8403
8404
8414
8434
8435
8443
8446
8449
8453
8464
8475
8482
8482
8490
8494
8504
8511
8517
8518
8539
8540
8542
8543
8550
8572
8577
8586
8591
8592
8595
8606
8624
8626
8626
8631
8643
8643
8645
8648
8649
8654
8656
8661
8667
8674
8711
8715
8715
8718
8720
8723
8740
8742
8748
8755
8757
8764
8764
8766
8770
8774
8780
8780
8800
8806
8811
8811
8814
8817
8824
8839
8850
8864
8871
8878
8884
8894
8904
8905
8923
8924
8928
8934
8938
8940
8948
8966
8970
8972
8977
8987
8987
8999
9007
9009
9010
9012
9017
9021
9022
9026
9034
9044
9054
9058
9059
9059
9073
9083
9088
9097
9099
9102
9110
9111
9122
9123
9130
9134
9147
9149
9152
9167
9172
9179
9180
9189
9192
9208
9214
9221
9228
9240
9247
9248
9253
9255
9258
9261
9261
9287
9291
9297
9299
9300
9301
9304
9309
9324
9327
9328
9328
9342
9342
9350
9351
9354
9377
9378
9387
9396
9398
9405
9424
9427
9436
9440
9440
9442
9445
9454
9454
9455
9461
9462
9478
9481
9510
9512
9527
9530
9530
9540
9555
9562
9573
9577
9580
9593
9599
9602
9605
9606
9609
9610
9613
9621
9624
9627
9634
9635
9636
9638
9639
9642
9651
9651
9652
9656
9661
9689
9691
9691
9697
9698
9702
9706
9711
9716
9721
9728
9736
9742
9753
9765
9782
9784
9796
9802
9805
9810
9814
9820
9826
9827
9829
9833
9841
9849
9852
9854
9869
9869
9870
9871
9872
9879
9892
9909
9913
9938
9943
9945
9946
9947
9954
9957
9961
9973
9980
9980
9984
9988
10013
10020
10021
10022
10048
10049
10050
10062
10064
10086
10087
10096
10106
10106
10126
10132
10159
10180
10184
10188
10188
10191
10191
10207
10209
10223
10227
10230
10233
10234
10236
10238
10239
10244
10250
10254
10267
10275
10282
10288
10304
10308
10321
10321
10334
10344
10346
10346
10361
10374
10381
10382
10388
10389
10389
10392
10424
10426
10439
10442
10445
10445
10446
10449
10462
10464
10465
10468
10469
10479
10493
10507
10512
10513
10519
10524
10534
10538
10552
10563
10570
10571
10573
10573
10600
10601
10613
10622
10626
10656
10669
10672
10675
10677
10686
10690
10691
10692
10702
10720
10725
10733
10740
10749
10765
10767
10773
10784
10784
10786
10816
10816
10824
10824
10835
10838
10845
10851
10859
10860
10874
10901
10904
10904
10910
10912
10920
10921
10924
10930
10939
10954
10955
10973
10983
10986
10988
10989
10995
10999
11021
11038
11039
11044
11046
11056
11062
11068
11070
11080
11098
11099
11101
11104
11113
11114
11125
11126
11127
11188
11190
11194
11200
11214
11216
11221
11227
11232
11244
11259
11263
11286
11287
11291
11318
11342
11355
11367
11368
11370
11388
11388
11396
11414
11417
11417
11422
11424
11425
11428
11448
11449
11458
11486
11490
11492
11506
11532
11533
11536
11537
11540
11559
11566
11567
11580
11584
11590
11599
11600
11612
11617
11620
11622
11650
11665
11670
11670
11679
11683
11693
11704
11715
11716
11718
11723
11733
11741
11755
11765
11776
11783
11787
11816
11824
11857
11879
11893
11905
11918
11925
11927
11929
11929
11938
11939
11945
11955
12003
12022
12024
12027
12037
12052
12061
12081
12084
12109
12122
12128
12130
12138
12153
12161
12169
12172
12172
12189
12214
12223
12235
12238
12252
12271
12273
12274
12287
12318
12320
12344
12344
12346
12368
12386
12398
12406
12417
12430
12448
12471
12474
12482
12492
12497
12536
12550
12583
12604
12610
12633
12640
12647
12656
12671
12680
12700
12719
12778
12784
12792
12794
12808
12843
12859
12873
12893
12914
12930
12945
12950
12968
12975
12980
12982
12996
12997
13021
13031
13046
13046
13058
13079
13081
13086
13096
13111
13122
13123
13134
13144
13148
13187
13190
13213
13249
13261
13270
13298
13298
13306
13332
13341
13352
13354
13361
13362
13368
13374
13377
13397
13403
13410
13422
13426
13429
13431
13435
13450
13491
13495
13499
13503
13528
13532
13553
13589
13593
13596
13631
13631
13634
13639
13646
13663
13674
13695
13697
13698
13704
13716
13749
13750
13765
13781
13785
13794
13817
13818
13821
13826
13835
13837
13841
13911
13916
13956
13958
13958
13974
13983
13988
13988
13991
14001
14006
14032
14053
14060
14071
14085
14092
14102
14106
14110
14131
14190
14190
14270
14283
14286
14287
14291
14374
14380
14473
14477
14479
14486
14497
14512
14532
14551
14598
14618
14633
14688
14693
14725
14730
14731
14752
14770
14772
14826
14830
14831
14875
14881
14888
14941
14948
14950
14979
15001
15022
15031
15043
15067
15116
15154
15293
15296
15313
15318
15356
15420
15424
15433
15467
15485
15499
15512
15563
15593
15613
15638
15667
15685
15687
15732
15745
15766
15796
15849
15866
15868
15882
15892
15898
15910
15966
16008
16047
16071
16145
16173
16193
16210
16264
16274
16280
16322
16336
16398
16421
16446
16492
16492
16495
16523
16532
16547
16552
16631
16653
16710
16720
16735
16746
16755
16774
16789
16797
16856
16858
16874
16917
16930
16931
16991
17014
17038
17041
17048
17053
17128
17137
17144
17196
17202
17211
17231
17244
17305
17331
17376
17432
17473
17490
17507
17543
17570
17579
17608
17634
17670
17759
17760
17778
17779
17799
17817
17828
17838
17839
17921
17935
18013
18029
18046
18055
18063
18075
18095
18112
18177
18272
18298
18351
18406
18418
18433
18494
18506
18583
18604
18612
18621
18642
18655
18661
18813
18894
18915
18944
19032
19121
19180
19199
19219
19243
19257
19335
19361
19378
19411
19412
19458
19570
19579
19598
19609
19613
19699
19730
19736
19756
19758
19759
19767
19825
19876
19886
19910
19984
19999
20070
20099
20110
20130
20156
20254
20259
20321
20352
20388
20416
20453
20533
20548
20548
20549
20661
20696
20719
20773
20814
20824
20850
20952
21155
21186
21189
21210
21236
21375
21408
21445
21564
21581
21606
21690
21695
21756
21784
21858
21870
21985
22070
22125
22162
22240
22242
22345
22415
22488
22562
22652
22671
22735
22748
22860
22921
22987
23015
23069
23071
23110
23118
23426
23462
23523
23754
23807
23955
24025
24046
24053
24159
24344
24472
24514
24575
24659
24685
24688
24748
24803
24822
24908
24959
25149
25160
25386
25388
25445
25467
25569
25584
25704
25794
25851
26073
26125
26355
26419
26748
27011
27123
27166
27336
27402
27491
27540
27682
27717
27880
27887
27901
27941
27966
28093
28105
28116
28254
28257
28325
28374
28442
28442
28466
28621
28699
28705
28723
28809
29006
29243
29254
29380
29492
29652
29889
30081
30257
30403
30482
30609
30633
30644
30779
30803
30850
30895
30937
31016
31150
31151
31166
31180
31227
31276
31310
31560
31620
31778
31790
31839
32059
32065
32225
32361
32438
32547
33037
33081
33098
33142
33181
33532
33571
33953
34337
34458
34570
34879
35136
35145
35505
35517
35675
35754
35849
35879
36052
36164
36201
36407
36935
37032
37197
37457
37479
37666
37743
37759
38388
38565
38600
38781
38796
39303
39419
39525
39534
39648
40208
40341
40400
41066
41152
41323
41743
41844
42024
42132
42189
42193
42246
42340
42681
44206
44590
45656
46318
46334
47154
47253
47371
48650
48779
48962
51088
51487
52566
53200
53488
54655
56091
57243
58646
58936
58937
59050
59290
59620
63837
64183
65182
65526
67059
67588
72722
74814
74976
75451
78616
79799
80218
83282
84661
85559
86579
86840
88733
89075
89923
98719
117200
118171
119167
